8
40
70.0
30
9
15
22
15
18
7
14
38
32
16
16
12
33
28
19
35
0
3
19
35
16
24
26
0
1
21
12
24
38
1
33
36
2
2
6
19
35
11
34
30
36
24
33
17
12
20
26
25
23
5
38
0
31
4
15
35
29
5
3
31
39
12
27
23
16
1
27
0
31
0
18
15
10
18
15
24
5
38
27
10
2
30
13
18
16
15
28
3
19
28
8
23
13
0
12
23
19
25
22
35
30
19
28
0
28
5
22
3
35
15
35
38
14
33
36
18
25
14
15
4
13
4
2
38
30
0
37
22
37
0
33
24
33
13
23
3
0
33
14
28
0
28
4
22
28
15
18
35
33
26
1
13
36
28
15
16
31
13
30
18
4
18
3
19
2
16
38
28
18
37
1
22
35
30
10
33
38
38
3
12
2
12
1
38
36
4
27
26
31
16
19
2
2
31
35
36
12
28
35
31
18
10
0
14
13
10
33
28
18
15
31
18
19
1
12
28
37
0
15
37
1
0
18
31
26
18
19
3
19
19
27
0
30
3
1
4
19
12
33
25
37
23
31
14
36
23
31
4
14
18
13
35
25
22
22
19
27
1
30
3
35
22
31
37
30
28
19
24
10
13
16
12
19
16
0
30
13
1
25
5
1
30
16
31
23
31
35
37
2
27
10
15
15
35
12
37
33
30
1
3
10
38
15
25
35
18
19
31
37
23
28
18
14
33
5
13
4
12
24
30
31
35
27
36
30
37
14
28
5
24
3
19
0
10
12
25
27
19
2
12
33
15
28
33
4
1
16
38
33
10
18
15
38
19
22
22
2
3
37
37
23
5
26
25
37
23
24
24
35
14
19
18
28
10
2
25
26
38
38
1
36
12
26
15
4
14
4
38
13
5
13
10
13
12
24
5
19
36
30
2
24
31
13
31
35
31
19
3
14
25
1
38
13
10
4
28
18
26
14
25
13
31
2
15
30
4
24
5
16
33
3
33
37
15
37
25
10
14
31
2
12
10
10
30
12
13
18
25
3
37
37
36
12
35
28
3
38
38
1
16
25
3
3
37
35
12
16
13
37
26
2
35
14
16
31
19
10
27
16
0
22
1
12
35
19
31
33
15
26
22
5
19
35
13
5
35
3
10
0
19
2
25
14
14
16
15
38
37
38
27
38
35
10
4
4
35
0
35
14
12
36
13
4
22
28
37
14
27
5
23
10
38
25
5
24
23
15
25
12
38
36
15
26
36
1
5
35
2
22
22
22
3
12
1
16
25
24
22
31
22
0
16
38
1
5
2
24
22
37
10
31
37
4
18
24
24
37
36
37
19
19
14
19
36
16
36
16
31
25
31
37
25
24
5
33
28
31
18
31
14
25
2
30
35
36
30
31
2
0
24
25
1
15
27
37
12
24
3
0
26
2
30
38
28
12
12
5
3
23
1
36
3
33
27
33
14
26
24
25
3
36
24
13
35
10
36
27
28
36
4
30
3
18
26
24
23
10
36
18
33
33
22
16
26
10
10
19
30
30
33
30
28
5
13
15
33
28
28
1
31
25
22
5
13
0
35
35
18
31
10
16
33
12
5
1
27
12
12
2
15
5
36
33
22
28
22
10
14
31
27
38
25
19
14
3
0
27
37
30
26
33
27
3
27
36
30
36
3
38
1
3
0
25
22
35
16
16
33
38
23
15
1
3
14
10
36
10
15
36
19
37
22
26
1
14
36
3
15
31
26
33
13
24
23
35
15
36
22
24
0
1
16
33
3
24
10
19
12
10
10
23
26
31
24
16
37
13
25
12
38
10
22
26
28
25
1
13
13
13
16
12
1
18
2
18
3
1
38
10
1
38
38
1
14
35
4
25
38
3
24
3
28
18
25
37
37
15
31
22
13
12
30
10
27
12
33
26
25
27
37
31
33
19
12
14
31
22
12
3
25
31
25
13
12
24
1
22
22
35
28
31
22
27
19
19
0
38
2
33
26
35
5
19
23
38
23
13
37
28
18
35
15
36
14
12
10
33
0
33
10
0
28
24
36
12
15
16
2
1
4
28
27
14
22
30
30
5
15
26
13
0
5
0
19
36
5
26
2
27
15
25
3
3
31
0
37
18
12
37
19
12
2
24
22
0
15
1
5
3
18
14
25
4
1
13
16
12
31
24
19
1
12
15
30
31
3
19
16
13
3
14
31
18
12
35
2
23
18
4
30
30
12
2
23
23
3
36
24
31
26
26
1
5
15
37
5
33
35
12
1
35
37
24
19
0
23
23
33
19
