8
40
35.0
25
19
38
29
7
16
28
21
15
4
14
5
8
14
11
30
35
23
33
14
31
12
24
20
18
12
13
31
8
31
26
0
33
14
9
10
2
6
29
10
14
27
6
1
10
19
36
8
8
31
22
29
10
3
14
39
14
8
19
10
17
8
10
12
29
32
33
12
27
10
31
2
10
9
27
22
8
37
19
2
12
8
9
31
6
6
10
27
12
8
31
9
38
19
12
14
33
19
19
27
19
31
9
19
19
34
8
14
27
27
31
38
38
22
12
38
33
9
6
22
33
31
29
14
22
29
9
6
29
2
19
27
8
10
9
9
2
31
9
31
14
10
10
6
38
31
38
19
29
8
6
12
10
6
6
19
29
2
27
22
29
19
10
10
19
2
19
10
38
12
29
22
8
14
27
12
10
33
19
29
22
9
29
12
8
22
2
12
38
31
2
2
19
27
8
8
10
22
22
10
12
6
31
14
27
29
2
19
22
38
29
29
2
19
29
9
14
10
19
10
38
8
27
22
10
22
9
22
2
19
38
12
8
2
38
9
9
9
27
22
12
22
14
12
10
31
31
29
8
38
19
31
10
29
19
8
8
8
8
14
31
8
12
10
19
22
12
22
6
6
27
14
31
29
38
14
9
31
29
12
33
10
29
38
8
38
6
38
22
27
8
14
9
19
22
22
33
19
31
38
22
8
22
19
38
2
29
8
29
22
27
14
27
22
29
8
31
22
9
9
33
31
8
38
2
12
31
10
27
10
6
19
9
29
38
33
27
9
33
22
6
12
38
33
33
31
29
8
6
12
9
33
8
31
10
19
2
10
38
14
29
22
27
2
27
19
38
12
12
6
31
6
14
8
14
29
10
6
31
2
2
6
9
19
38
22
9
19
38
29
29
33
19
38
31
9
22
9
38
12
12
29
27
14
10
22
14
22
19
19
8
19
8
22
10
6
6
22
22
6
8
2
6
19
33
10
22
29
22
19
9
19
10
2
33
19
19
22
8
19
33
12
27
31
22
10
14
14
10
29
29
10
38
22
12
19
31
31
8
9
12
31
29
19
33
6
10
27
33
29
19
33
14
22
6
6
38
6
2
31
22
2
6
6
8
8
31
33
27
14
38
22
31
2
8
2
8
10
31
38
8
9
31
10
9
9
9
6
33
8
6
33
22
12
6
31
27
27
27
33
19
6
12
10
9
14
33
33
12
14
2
22
9
22
6
27
29
38
8
8
38
22
33
27
19
19
33
9
6
31
22
19
27
10
33
2
31
12
38
14
2
8
22
2
2
27
6
9
19
31
31
31
38
22
29
10
38
29
31
38
29
31
19
10
10
19
29
6
27
31
19
6
9
19
31
27
31
8
29
27
10
29
14
29
22
19
12
27
14
33
19
9
12
9
8
12
2
33
10
14
10
29
33
10
22
8
27
9
9
19
29
19
8
2
22
19
8
2
8
8
8
27
38
10
33
12
8
27
14
14
27
6
10
12
9
29
10
38
19
29
14
6
9
12
22
6
9
31
14
14
9
14
12
9
27
31
10
33
33
12
38
33
8
31
14
31
8
31
33
27
12
33
2
33
31
33
12
22
12
14
29
33
2
27
33
8
19
10
2
38
31
31
22
38
14
31
33
9
12
9
27
2
9
9
33
2
29
6
33
38
8
8
33
8
27
33
14
14
19
38
22
22
8
27
22
10
22
9
19
10
31
29
22
31
2
19
38
14
31
22
38
8
19
6
12
29
31
8
2
2
19
12
6
12
19
27
38
9
10
14
9
6
38
31
29
14
19
29
10
14
2
12
19
38
2
27
22
19
38
9
33
31
29
22
19
2
33
22
8
29
38
12
9
9
10
8
10
14
6
10
33
29
38
2
2
22
2
31
27
9
10
6
10
22
29
8
2
12
33
22
38
29
19
33
22
38
27
2
38
12
2
2
31
19
2
29
31
10
2
12
6
19
29
12
10
8
9
10
38
6
9
9
22
33
12
29
10
9
8
38
6
19
2
19
27
22
2
31
27
14
27
14
2
10
12
10
31
27
10
22
8
14
8
10
33
19
38
38
19
12
19
31
8
29
10
14
2
33
14
22
9
6
6
38
12
19
9
14
27
10
33
38
29
22
31
2
27
12
10
33
6
12
27
6
6
14
2
38
19
27
6
33
6
38
29
14
31
19
38
2
31
27
8
12
10
38
31
22
33
8
6
6
22
29
12
9
6
2
8
31
9
19
22
22
6
31
14
10
29
9
14
19
14
33
10
10
6
27
19
2
