8
40
65.0
10
29
27
33
14
1
21
11
27
23
9
36
35
36
6
34
27
37
30
14
20
20
5
34
16
2
31
8
15
4
6
38
19
27
38
34
15
12
25
1
31
5
0
25
22
13
20
26
24
10
5
26
34
16
27
27
26
18
15
24
7
6
7
16
36
1
35
34
10
10
7
1
19
17
32
6
25
0
11
7
31
32
24
13
11
28
31
39
35
35
0
16
25
26
19
19
7
28
34
0
25
6
36
31
6
3
25
20
16
28
8
7
35
7
32
16
24
28
36
28
13
26
8
31
31
3
16
20
15
15
26
13
0
31
5
28
15
27
0
32
15
25
34
13
36
26
25
36
11
27
16
1
34
19
36
6
16
1
32
32
32
13
26
3
20
14
28
34
27
7
25
8
36
34
38
0
1
28
35
35
31
6
5
24
24
36
13
15
8
19
13
6
16
16
0
11
31
25
19
32
7
3
7
1
38
16
19
26
28
14
19
15
5
32
28
0
34
35
14
13
28
36
5
34
20
34
19
7
26
3
27
11
19
15
5
35
36
3
7
28
25
10
36
24
36
5
28
35
32
6
28
27
24
31
11
27
13
28
13
34
0
31
31
19
36
3
24
3
13
14
3
13
5
6
15
32
10
27
10
34
36
13
10
34
25
27
38
6
16
7
28
24
5
11
25
32
27
13
13
16
32
1
15
3
7
16
24
1
24
28
3
32
36
3
14
8
25
32
28
24
15
24
5
20
8
0
27
38
10
6
0
6
25
36
3
19
1
35
32
35
3
6
32
16
26
13
31
34
25
20
35
19
5
7
6
36
27
27
35
7
27
7
36
31
19
27
16
27
38
34
15
35
24
15
38
20
25
6
27
8
7
0
36
6
0
3
6
20
32
7
5
26
31
28
36
15
7
28
19
13
11
34
32
1
11
7
19
20
20
5
35
24
20
32
20
0
3
16
15
15
11
8
35
36
26
11
19
19
34
11
20
26
6
14
35
34
1
24
36
14
35
26
6
15
13
20
6
3
38
35
38
3
19
0
14
14
26
14
32
28
1
0
16
38
10
27
35
8
20
31
15
26
0
31
36
31
34
11
36
35
1
6
24
10
15
11
10
28
11
11
34
6
19
28
19
20
31
6
11
15
34
16
26
15
13
19
35
27
15
31
20
20
25
27
24
28
28
13
7
1
28
6
25
32
38
16
24
35
20
5
0
5
25
36
5
16
36
28
10
35
25
15
26
35
25
5
25
32
31
25
11
35
7
31
38
16
1
20
0
28
0
11
15
24
32
20
7
27
34
35
24
25
38
20
8
26
25
36
20
31
1
0
19
14
25
5
3
16
1
32
27
34
5
13
7
14
28
1
0
14
16
26
35
24
16
20
28
34
19
38
11
3
24
7
15
8
35
16
13
28
19
8
11
25
6
13
20
6
3
32
6
24
31
14
16
34
26
32
0
3
20
26
34
20
19
32
32
25
6
14
1
7
3
1
8
35
11
14
6
34
6
19
26
31
35
24
28
3
34
10
27
26
13
10
10
8
14
38
15
28
16
26
14
32
16
0
11
32
3
36
15
19
34
8
6
8
24
15
32
28
31
13
28
31
31
25
0
1
15
25
1
6
7
16
10
13
34
35
27
20
19
36
0
32
14
16
26
19
14
34
6
20
10
26
0
31
28
19
26
36
14
26
5
0
3
8
31
28
36
13
25
36
25
24
24
7
13
14
24
11
20
25
8
14
1
0
3
32
36
24
34
31
26
38
20
19
10
27
0
14
34
34
28
38
14
35
19
36
11
13
24
38
32
0
1
15
34
3
36
6
16
20
19
38
19
14
3
8
36
32
20
24
6
3
27
28
3
28
24
11
16
24
5
25
7
31
3
31
20
34
19
3
15
35
28
25
16
13
5
20
26
7
35
24
28
1
20
34
10
7
35
6
36
16
8
11
14
32
16
20
25
24
14
27
3
10
1
6
19
28
10
24
13
15
34
6
27
6
24
14
7
16
16
19
19
20
34
13
26
31
15
3
28
19
10
28
24
26
32
32
8
8
20
35
26
5
38
7
25
32
19
5
38
34
7
6
14
35
14
20
34
34
7
16
8
28
6
27
7
7
27
20
11
27
16
7
1
26
34
38
5
7
6
0
20
38
5
8
7
26
5
5
31
14
15
15
19
20
14
7
3
14
19
0
38
38
6
25
1
0
15
35
5
34
32
20
3
19
5
1
15
8
34
8
25
28
6
26
35
28
27
3
3
28
11
20
14
26
6
5
