8
40
15.0
7
31
13
17
39
4
32
30
34
22
19
37
16
24
3
33
38
25
5
29
35
8
19
15
9
27
10
0
6
26
28
14
12
2
19
21
11
17
19
18
37
19
37
13
1
17
37
23
20
19
14
14
37
19
13
19
36
23
37
14
17
19
17
37
23
13
37
14
23
17
17
13
37
13
17
23
37
17
19
13
17
14
23
13
14
14
17
14
13
13
13
37
14
17
13
17
14
19
17
19
37
14
19
23
17
37
14
19
17
13
13
37
17
23
37
37
14
23
13
14
23
19
19
14
13
13
37
19
37
14
37
37
23
13
23
19
13
17
14
13
14
23
13
23
13
19
13
17
37
17
14
23
14
23
19
17
17
13
17
13
14
17
23
13
19
37
23
17
14
14
19
14
14
17
17
13
37
23
14
17
19
19
19
37
17
23
37
13
19
19
13
37
17
13
14
37
19
13
17
23
13
13
13
23
14
13
17
14
13
23
17
13
23
37
17
23
19
19
13
14
13
13
19
19
14
23
23
19
17
37
19
23
19
17
23
23
37
17
37
37
37
19
23
13
14
17
17
14
13
13
13
19
23
37
37
17
19
19
37
19
13
13
37
13
19
13
23
19
13
19
23
17
19
19
14
19
13
23
17
37
17
17
37
23
13
13
37
13
13
14
23
14
23
37
23
23
14
23
13
14
13
19
37
23
19
13
14
37
19
19
19
23
14
14
37
17
13
23
37
23
14
19
37
17
23
19
23
23
37
23
17
37
17
23
17
13
23
23
14
37
14
17
17
13
13
19
14
19
17
13
19
23
13
13
19
17
14
13
23
37
19
13
23
23
13
23
19
17
17
23
37
13
13
17
37
19
19
23
13
23
14
23
37
17
23
19
13
14
23
13
14
17
14
37
17
14
37
14
23
23
23
19
23
14
19
19
14
13
19
37
37
17
14
19
37
23
37
14
13
14
17
19
14
17
37
14
13
17
19
17
14
23
13
13
14
17
13
19
14
13
17
23
19
13
14
19
17
37
14
14
13
17
23
23
13
37
13
23
17
17
17
17
14
13
23
19
23
13
17
13
23
17
37
23
19
19
14
19
23
37
19
13
13
17
37
23
19
13
37
17
14
37
37
19
13
14
13
14
13
14
17
19
13
37
23
13
13
37
13
19
13
19
13
37
13
13
14
37
14
13
23
13
23
37
19
14
14
13
37
37
23
17
14
19
23
13
37
14
19
13
17
19
13
14
14
37
23
23
14
13
13
13
23
14
37
23
14
23
23
37
37
17
37
13
14
19
23
19
19
17
13
17
19
17
17
14
17
14
13
13
14
37
23
23
13
13
19
13
14
17
13
23
19
14
17
23
17
37
13
23
13
13
23
23
17
13
23
13
37
23
14
17
19
14
37
23
37
19
19
14
37
19
13
14
23
13
37
17
17
14
19
17
37
14
13
17
17
23
14
17
37
14
23
37
23
19
37
13
23
13
14
19
37
14
14
17
37
19
23
23
19
17
14
23
13
23
37
14
13
13
19
23
23
17
13
23
19
37
13
37
13
23
19
37
14
17
19
14
13
14
23
37
37
37
37
23
13
17
19
19
37
14
37
14
17
13
13
14
17
13
37
19
17
13
14
19
14
19
14
17
23
14
17
37
17
37
13
19
14
37
17
19
13
23
19
19
14
17
23
17
14
13
17
19
17
13
19
19
13
13
23
23
13
19
23
14
23
37
37
13
37
23
37
37
19
17
14
14
19
17
17
14
19
14
19
14
23
37
23
19
19
37
37
17
37
13
17
14
23
37
17
14
19
13
37
13
14
37
37
14
14
23
23
13
23
19
37
17
17
13
19
14
23
14
13
14
17
23
14
17
17
17
37
14
17
37
19
17
17
23
23
23
13
13
17
23
23
17
13
37
17
19
23
17
14
14
14
19
13
17
13
19
37
13
14
13
19
37
37
23
37
23
37
13
13
17
17
19
13
17
13
37
13
19
13
14
19
14
13
13
23
37
13
37
13
19
17
13
17
19
23
14
13
13
17
14
17
17
23
14
19
14
23
23
14
14
37
13
23
23
37
23
13
17
14
19
37
13
23
17
23
13
13
37
13
13
17
13
14
23
14
13
14
37
13
19
19
23
13
13
13
23
14
17
23
14
19
14
19
14
13
23
23
17
37
23
17
17
37
37
37
23
14
19
23
37
13
13
17
14
17
14
14
37
17
37
37
19
19
19
23
17
19
13
37
17
14
17
17
14
37
13
19
14
13
23
14
37
14
19
