8
40
60.0
5
33
21
17
13
14
32
26
37
4
10
30
25
17
35
26
27
11
6
32
9
11
18
11
8
36
24
6
7
26
16
16
29
22
11
20
1
1
4
17
32
18
4
12
29
28
5
3
26
11
15
11
19
18
21
16
16
15
34
29
39
19
1
29
23
28
15
39
26
26
6
21
28
34
15
34
38
36
0
36
34
16
2
16
34
18
36
28
1
18
11
34
19
6
11
16
30
29
12
18
10
5
26
28
12
36
26
26
3
19
18
4
18
5
23
18
5
33
33
11
21
18
5
29
21
3
16
39
15
31
23
39
5
6
5
10
21
36
23
18
16
39
10
39
12
28
3
10
15
33
11
30
39
19
11
34
12
36
11
30
5
30
3
10
32
34
18
26
4
21
26
17
28
32
10
26
19
5
12
11
17
15
12
33
6
17
18
17
30
18
18
21
15
33
16
18
18
36
21
3
4
29
12
19
33
28
3
4
23
16
33
29
16
39
12
36
5
21
21
15
33
11
4
15
36
5
36
26
39
28
29
34
15
16
5
15
15
39
21
17
34
15
34
16
4
12
29
26
12
16
17
4
36
33
32
28
36
4
19
30
12
4
29
16
4
33
34
1
15
4
23
4
39
32
23
3
26
33
36
11
30
17
30
23
19
17
19
10
1
3
26
32
30
32
15
34
3
18
34
17
26
28
32
15
28
10
39
3
1
19
21
28
26
33
17
18
3
36
21
21
15
34
32
33
4
39
5
4
39
26
17
21
30
21
17
12
18
12
15
16
16
19
34
30
1
29
33
30
19
10
29
29
36
19
3
34
39
4
5
30
12
30
39
21
30
11
34
26
21
5
39
5
33
16
33
11
18
28
36
33
4
21
32
4
1
10
23
10
16
30
39
6
3
15
39
12
18
4
39
33
32
3
29
33
17
11
29
16
23
33
17
4
3
39
1
39
4
26
18
32
33
15
16
34
39
4
30
23
4
16
39
30
11
21
33
36
23
26
21
21
10
5
5
11
19
12
18
19
15
6
26
6
16
30
3
33
21
30
36
4
30
1
30
10
12
18
21
11
3
21
1
29
4
10
15
11
19
16
5
4
17
26
26
4
3
5
26
28
15
16
16
6
29
32
26
18
32
1
29
12
19
16
32
17
18
11
18
36
16
11
36
10
11
21
3
3
19
34
34
17
36
29
33
36
17
16
34
17
19
39
36
5
11
10
17
36
32
26
36
30
32
32
1
1
16
30
16
17
19
39
10
26
28
30
34
10
11
36
16
4
4
6
1
11
11
39
23
32
12
33
5
4
16
26
23
30
32
29
17
1
26
11
32
33
33
18
30
6
36
1
4
32
1
39
23
32
23
12
12
15
29
18
21
33
6
26
11
18
33
30
34
16
5
33
12
12
5
23
29
29
26
1
16
23
30
16
4
17
11
23
10
4
11
30
30
26
18
18
30
30
23
30
21
3
1
26
28
19
33
12
29
12
16
23
39
11
39
30
19
33
1
23
10
10
39
36
34
26
5
18
19
6
21
6
32
30
15
23
1
10
6
30
10
10
21
11
1
29
5
12
3
16
19
16
33
21
34
19
16
16
19
15
28
32
15
21
17
12
10
10
5
33
1
21
12
36
21
18
36
36
19
11
18
34
6
1
29
34
26
6
1
33
18
17
30
23
4
1
32
17
21
32
5
18
10
33
30
18
5
23
4
19
1
5
18
18
39
1
5
18
33
10
36
4
4
26
34
36
19
29
36
21
10
17
19
23
11
6
34
19
11
36
5
26
17
3
29
6
33
17
23
3
18
34
29
36
10
15
17
3
15
17
39
30
6
16
5
15
26
30
36
32
33
4
12
23
1
15
39
17
17
4
34
33
5
17
33
34
1
21
4
34
28
17
5
12
21
6
36
34
18
26
17
33
32
29
12
36
5
36
29
16
23
30
28
17
17
33
19
3
16
16
18
6
36
10
33
5
1
4
21
39
36
36
4
29
3
19
39
33
6
10
11
16
33
21
6
16
33
28
19
30
1
28
29
4
19
4
19
19
36
12
26
29
16
32
39
18
23
39
5
16
23
19
33
33
26
1
11
17
28
17
6
28
17
12
32
12
18
21
3
26
30
33
29
6
15
10
16
34
5
6
21
18
23
34
34
15
28
19
36
28
3
17
26
34
29
32
33
34
30
10
33
23
17
3
29
36
17
6
1
4
15
10
18
30
6
18
21
17
10
18
33
32
12
29
12
34
21
30
4
28
29
39
6
26
18
26
29
28
