8
40
25.0
10
18
8
38
11
27
5
22
9
30
39
15
12
12
7
1
19
31
20
14
26
0
6
24
34
14
25
25
3
23
20
2
12
35
29
19
28
33
32
36
21
8
25
13
14
6
12
15
14
6
12
15
19
4
12
14
20
37
25
19
17
25
14
19
19
19
16
12
20
14
25
22
22
6
14
15
19
25
20
19
20
6
8
25
25
22
15
12
8
20
12
20
15
15
17
12
22
12
15
19
12
8
19
22
19
20
17
14
22
8
20
25
19
12
22
19
20
17
14
12
20
8
22
25
14
19
14
22
12
25
15
8
25
25
22
19
17
25
22
6
20
12
14
15
8
25
19
12
12
25
17
12
6
6
17
20
14
25
15
14
25
17
19
19
19
15
15
15
25
8
17
15
20
22
22
14
15
19
6
20
15
25
25
8
8
8
15
8
22
8
8
25
25
22
15
6
15
17
12
6
15
19
17
14
19
20
8
25
25
14
22
19
19
25
14
14
14
19
17
15
25
8
8
8
20
22
22
8
12
20
20
25
14
19
22
6
17
17
14
17
17
8
8
20
15
15
15
15
15
17
17
12
6
19
17
19
22
25
19
19
15
12
6
6
14
19
19
22
17
15
17
22
25
25
22
14
14
15
17
25
8
12
6
17
14
6
22
17
19
6
14
20
12
25
12
17
12
8
20
15
6
22
19
8
17
25
14
14
17
15
25
14
15
22
25
12
6
6
20
15
19
19
25
6
25
25
17
25
12
25
14
14
19
14
6
25
22
22
14
22
8
22
15
17
17
20
19
19
15
22
19
20
22
20
25
25
12
25
17
17
22
17
12
19
12
25
25
17
8
20
12
19
14
19
22
20
6
14
12
22
20
14
15
6
19
17
8
8
20
25
19
22
20
20
19
25
12
25
12
25
8
20
8
22
15
19
14
17
8
6
15
25
8
14
17
20
12
14
17
25
17
17
14
12
14
8
8
22
15
14
19
8
25
12
14
17
17
15
25
19
22
22
12
19
25
19
19
22
20
6
20
12
25
14
22
12
25
25
17
19
25
22
6
19
25
19
15
15
14
15
20
12
22
15
22
6
8
19
22
20
6
14
20
22
14
14
25
14
8
20
20
17
25
22
25
12
12
20
25
19
12
6
14
14
12
22
25
6
6
8
15
25
8
6
20
19
8
15
25
17
6
12
19
14
8
8
15
22
12
12
17
8
8
14
14
22
20
25
25
25
17
19
20
15
25
8
8
20
14
19
15
6
8
20
6
20
6
20
17
17
20
14
22
6
15
12
8
6
12
25
12
6
25
6
6
15
25
8
20
17
20
15
8
8
25
20
8
15
22
17
19
25
19
6
15
20
22
20
20
8
19
19
15
14
19
15
14
25
20
22
6
22
8
19
8
8
14
22
8
12
22
12
25
6
17
17
19
25
25
22
22
19
6
19
25
12
6
20
25
12
17
20
19
14
12
25
12
20
15
14
15
22
17
22
17
12
6
20
25
22
19
17
12
15
25
17
22
12
25
25
17
20
15
14
15
6
15
19
25
17
8
15
12
8
15
19
14
22
8
22
22
20
14
19
20
22
22
22
8
25
14
17
14
19
25
25
12
8
6
6
6
15
17
12
6
22
19
6
6
14
6
14
22
12
8
19
19
8
6
15
8
17
8
15
17
20
19
8
8
12
6
19
20
17
12
22
15
6
20
14
19
14
12
22
20
25
8
12
8
25
6
15
8
14
20
25
19
20
17
19
6
19
22
25
19
25
8
20
6
20
17
14
14
19
22
14
15
6
15
12
17
20
14
19
19
15
22
22
22
8
12
15
19
20
19
19
22
22
8
8
20
12
25
8
14
6
22
6
17
17
12
17
14
12
20
8
20
12
8
19
12
6
12
8
17
25
22
6
15
25
8
25
12
8
25
6
19
20
19
22
20
15
6
22
22
6
25
14
22
15
12
14
19
15
6
17
15
8
17
22
25
19
19
15
20
14
20
17
20
17
12
25
17
8
15
14
15
6
17
25
12
8
17
20
12
20
17
15
20
8
19
25
20
14
22
17
20
15
8
20
6
6
15
14
14
12
6
14
6
6
22
22
25
6
25
12
8
22
17
14
19
14
12
22
14
6
8
17
15
20
14
17
17
6
15
25
14
25
19
14
14
17
12
19
17
19
19
19
12
14
25
22
14
17
14
14
25
22
22
17
25
12
15
8
25
25
22
14
12
6
14
15
22
8
15
14
17
6
8
17
22
17
14
22
17
8
17
22
22
8
