8
40
45.0
16
28
23
6
32
25
32
22
30
16
7
39
13
5
17
38
34
29
11
21
10
0
8
1
24
8
14
27
15
32
4
39
4
36
9
36
29
16
32
16
14
3
3
19
29
15
4
20
36
32
6
32
37
12
16
19
35
39
31
36
7
27
16
0
18
2
15
2
26
15
27
19
35
35
29
6
32
16
35
15
39
35
6
6
0
8
6
19
35
29
14
7
32
2
15
36
29
8
18
6
39
14
29
33
7
18
7
2
27
18
27
14
2
15
27
36
32
39
35
2
29
36
19
8
35
14
19
7
7
39
8
7
36
0
32
27
32
4
36
16
39
0
8
14
35
29
18
2
2
8
27
0
8
27
0
29
15
8
19
29
29
4
36
32
15
0
35
15
39
18
16
27
16
14
2
8
35
2
35
18
27
0
19
6
15
2
2
3
19
4
39
14
4
3
3
6
4
14
18
6
7
8
27
15
3
19
35
39
7
0
29
2
4
32
7
39
0
32
32
3
18
2
8
8
27
14
3
8
0
7
32
0
4
35
32
7
15
18
7
16
6
27
6
6
19
15
36
7
19
18
16
27
27
39
7
0
18
14
6
2
18
39
4
15
32
39
6
3
7
6
39
29
6
7
7
4
27
32
35
15
2
27
6
4
36
35
36
32
4
15
8
18
35
36
8
19
27
8
39
15
15
32
0
36
16
39
39
4
32
32
0
6
16
32
39
0
36
4
14
19
8
7
39
19
27
29
29
39
0
35
8
2
19
7
32
2
27
27
18
0
14
32
39
18
35
6
8
18
29
27
16
39
29
32
35
19
27
7
4
36
18
4
18
36
2
32
36
35
39
14
0
14
16
7
36
7
8
2
6
16
27
8
3
4
36
14
16
32
4
3
14
39
29
19
35
15
19
6
29
32
36
36
32
7
19
32
18
29
39
35
19
2
16
39
7
3
7
14
29
39
19
3
2
15
18
19
16
6
2
35
6
15
0
32
3
36
19
32
0
27
4
35
35
6
27
35
19
32
14
35
18
7
7
19
36
4
35
2
35
39
15
27
39
39
29
14
36
29
6
6
18
39
3
18
18
29
27
16
18
6
3
4
39
8
18
8
32
7
39
16
27
39
18
2
36
36
2
8
3
32
27
0
18
14
0
7
8
14
15
29
18
4
39
19
0
29
39
4
4
32
15
29
32
6
6
4
16
14
8
14
16
3
29
32
35
19
19
29
7
0
15
3
19
39
14
19
15
29
2
39
4
4
3
6
6
18
8
16
0
2
14
19
3
15
14
27
3
35
8
3
7
32
39
18
0
32
3
3
29
2
7
3
16
15
8
35
0
0
36
3
8
15
36
27
32
18
32
18
7
16
6
2
19
16
27
14
4
6
14
32
19
6
19
2
7
29
36
35
3
7
14
16
19
16
15
0
32
35
16
36
29
2
35
2
14
27
6
32
39
6
8
0
4
8
16
6
2
7
2
14
39
14
4
8
7
15
35
19
39
39
14
7
3
7
0
32
7
2
14
4
14
15
2
32
2
14
36
8
18
32
16
19
0
4
39
3
32
35
35
35
16
2
8
3
3
39
36
2
19
4
7
4
32
32
8
27
27
29
15
32
4
6
29
29
32
39
2
16
19
3
32
8
15
15
18
16
36
36
27
19
15
14
7
19
19
18
7
3
27
2
3
39
36
36
18
18
27
32
27
2
36
39
35
4
6
4
27
14
4
29
29
19
18
6
32
3
16
18
2
4
2
3
6
2
4
7
8
32
29
32
19
4
39
19
2
18
36
3
4
32
35
27
2
35
4
15
36
18
2
6
2
4
39
27
32
32
36
4
29
4
35
27
29
2
36
6
4
15
7
6
2
7
39
16
4
4
4
6
39
15
3
32
19
8
27
0
16
2
29
18
15
32
29
27
15
16
39
6
4
36
0
18
29
29
39
6
0
27
3
4
19
15
14
8
0
35
2
39
16
27
36
16
8
2
2
18
2
27
19
18
4
27
32
2
19
14
15
29
36
16
18
7
29
18
14
19
16
8
32
19
35
8
7
16
39
14
19
0
27
14
39
7
4
29
16
0
19
8
32
4
35
7
14
39
39
29
39
3
16
29
14
14
36
29
6
6
16
7
6
3
19
4
8
2
0
16
15
7
36
35
16
18
4
6
36
19
29
4
8
35
27
29
14
2
27
7
27
27
36
19
14
2
32
8
8
32
18
29
35
2
7
3
27
16
18
15
18
29
6
14
7
4
8
39
2
3
36
4
32
27
