8
40
40.0
37
21
38
0
12
10
39
10
8
20
3
26
2
5
32
18
2
33
9
18
17
18
34
33
15
26
14
12
16
1
22
23
32
10
32
10
12
10
29
2
2
30
26
5
28
2
12
14
28
2
25
13
7
6
32
12
12
10
5
32
26
32
36
31
14
18
19
14
2
30
26
27
4
35
13
24
4
10
27
19
30
27
5
33
32
4
14
2
32
16
11
10
13
14
27
12
13
27
27
26
4
5
12
18
5
19
2
28
5
28
30
27
10
13
30
16
18
14
32
12
4
33
32
19
30
19
19
19
30
12
2
32
10
26
28
10
19
26
2
4
28
5
28
14
18
30
18
14
19
16
19
27
18
33
30
18
14
10
16
26
27
33
19
27
13
30
5
4
19
33
14
19
12
5
32
33
4
5
28
12
19
19
10
14
18
13
30
19
32
33
28
12
19
19
13
33
2
30
18
5
16
18
13
10
10
26
13
16
32
13
30
27
33
28
19
27
14
32
32
14
26
26
19
33
16
30
32
16
14
18
26
27
27
32
32
30
32
30
28
12
30
30
12
4
14
16
16
28
12
5
28
19
5
16
26
18
14
26
33
28
18
16
18
27
5
4
13
26
12
4
18
30
28
16
19
30
2
5
18
5
19
12
2
2
14
10
26
14
12
27
4
2
30
27
5
2
14
27
27
5
13
14
30
33
28
14
4
19
27
2
5
2
19
32
33
19
26
12
5
5
19
16
16
33
13
5
18
28
2
4
18
5
26
27
28
18
5
27
12
10
27
28
26
2
13
5
28
33
26
19
18
14
5
26
4
26
2
27
32
2
10
10
2
26
32
32
13
26
30
28
30
26
18
5
4
12
14
32
33
26
10
14
28
19
5
16
30
32
16
13
5
30
33
19
32
14
10
5
30
26
2
10
26
5
12
10
16
16
2
28
12
16
13
30
32
14
19
28
28
12
26
19
32
28
28
2
33
13
19
18
12
27
28
28
13
33
27
12
10
4
13
16
32
28
27
33
4
13
4
2
5
26
16
19
27
12
13
5
18
12
32
28
16
12
5
2
12
19
10
30
18
19
33
2
30
19
28
4
26
12
5
28
12
18
2
27
28
10
26
27
18
28
14
12
12
2
33
27
33
16
33
32
32
5
30
30
12
30
28
10
32
32
14
26
28
2
13
10
18
5
28
26
13
16
30
4
19
32
12
12
26
5
2
5
4
16
2
32
4
19
33
10
30
16
33
4
27
30
18
19
28
28
4
2
16
13
4
18
26
5
14
26
13
32
2
30
28
18
2
33
30
16
33
19
32
18
27
19
10
5
14
30
14
10
30
5
27
26
28
12
14
10
26
32
33
2
32
12
30
28
18
28
33
18
19
18
16
32
16
4
2
2
33
26
5
16
28
28
16
10
19
32
16
32
12
16
5
12
16
19
33
13
27
16
5
30
27
28
13
32
4
10
4
30
5
4
33
27
28
14
10
28
2
30
28
14
10
16
30
18
10
26
16
4
10
30
4
19
28
28
33
2
26
32
28
27
10
19
19
12
2
14
32
4
4
19
4
18
10
26
26
26
19
27
13
16
30
14
26
18
2
4
13
13
28
30
12
14
4
28
27
30
12
26
18
4
14
14
4
13
18
4
14
33
14
2
27
13
16
18
2
12
30
16
18
19
27
19
16
5
19
19
5
28
26
30
19
32
19
5
19
13
18
16
2
12
4
28
14
18
10
12
10
19
5
33
4
33
14
2
4
13
13
5
32
4
30
19
14
32
16
33
30
32
18
19
4
13
13
14
4
26
14
5
32
4
33
27
18
27
2
30
32
2
12
14
4
4
13
2
28
13
14
27
10
14
28
13
12
28
26
13
33
27
2
2
32
18
26
27
10
10
12
33
16
10
28
32
33
19
5
28
12
30
2
13
4
12
27
32
33
26
19
4
13
18
33
12
5
14
30
18
4
12
32
32
16
27
27
27
10
33
16
2
5
19
2
13
2
18
14
27
33
16
30
13
4
4
13
26
12
12
10
16
2
27
14
5
26
14
2
26
32
5
5
10
16
19
5
18
10
12
28
19
30
5
33
28
4
5
13
19
28
4
27
16
4
14
4
10
26
14
13
33
18
28
28
18
12
18
2
18
5
2
14
16
30
32
5
14
19
16
18
19
14
12
14
28
10
30
27
18
28
14
27
14
33
19
2
16
28
2
4
13
16
14
10
27
4
30
26
19
30
27
26
2
28
10
26
16
4
13
19
19
16
5
14
14
16
10
