8
40
10.0
9
31
32
23
38
17
26
6
30
25
29
3
8
34
0
13
24
35
19
7
4
33
37
39
28
12
15
23
10
34
36
34
18
34
34
7
7
27
1
23
33
5
20
2
21
33
16
22
14
23
7
11
34
23
34
34
34
33
34
34
33
7
7
33
34
7
23
33
23
7
23
33
23
33
7
34
7
33
34
7
23
23
34
33
7
33
33
23
7
33
33
33
34
7
23
33
23
34
23
33
23
34
34
23
33
23
23
33
7
7
33
23
7
33
34
33
7
34
34
33
7
34
23
7
33
33
23
33
34
7
33
33
7
23
23
7
23
23
34
33
23
33
34
23
34
23
33
34
33
34
34
33
7
33
23
34
34
23
33
7
7
34
23
7
7
7
33
7
33
33
23
23
34
33
23
23
7
33
23
34
23
34
34
7
23
34
23
23
34
34
7
23
23
33
34
23
7
34
33
33
7
33
34
33
34
23
33
34
34
34
33
23
7
23
23
33
34
33
23
33
7
23
7
33
7
23
33
7
34
23
23
23
33
34
23
34
34
23
23
33
23
23
7
7
33
34
34
33
34
23
7
33
23
34
23
33
34
7
7
23
7
23
23
23
33
33
23
7
33
34
7
34
33
34
23
23
33
33
34
23
33
7
7
33
23
23
23
7
33
34
7
23
7
7
34
33
34
23
33
23
33
33
34
23
33
34
23
23
33
33
34
23
33
23
34
7
33
33
7
33
23
7
33
33
7
23
23
23
23
7
33
23
23
33
34
34
34
34
33
33
33
33
34
34
34
7
23
33
34
7
23
7
33
33
33
34
7
7
23
23
33
34
34
7
34
7
7
23
34
34
33
33
33
23
34
34
34
23
33
23
7
33
23
23
7
7
33
33
33
33
23
7
34
34
34
23
34
23
23
23
34
34
23
33
7
33
7
7
23
23
23
33
33
7
7
34
34
33
7
7
23
23
7
23
34
33
7
34
34
23
33
23
23
34
7
7
34
33
34
7
7
23
23
34
34
33
33
7
34
33
33
33
34
23
34
7
34
33
7
7
7
23
23
33
34
34
33
34
33
7
23
33
7
34
23
7
7
23
34
33
23
33
7
7
23
33
34
34
7
34
23
7
7
23
33
33
23
7
7
34
23
23
34
33
33
7
23
33
34
33
33
7
34
33
34
33
33
7
33
23
7
33
33
7
7
7
7
23
7
7
33
23
23
34
23
7
23
7
7
7
33
34
34
33
33
23
7
33
34
34
23
34
33
33
34
23
34
7
23
34
33
34
7
34
34
34
33
33
33
23
33
7
7
23
34
34
34
7
23
33
33
7
7
34
33
7
33
23
7
33
34
34
7
33
23
34
34
23
7
7
7
33
23
23
7
33
33
33
7
34
33
23
34
34
23
7
23
23
34
34
7
23
23
7
23
34
23
23
34
23
33
23
33
7
33
7
33
33
23
33
23
34
34
33
7
7
7
33
7
33
33
23
7
34
7
34
23
33
23
34
23
7
34
23
7
7
23
7
33
23
23
33
34
23
7
7
34
33
23
7
7
33
7
23
34
23
33
23
33
23
23
7
33
34
33
23
7
33
7
7
33
34
33
33
34
34
23
7
34
33
33
7
33
23
34
23
7
23
33
23
33
34
7
34
23
7
7
7
33
23
34
33
34
33
23
33
34
23
34
23
7
7
23
33
34
23
23
23
33
33
34
23
34
34
33
33
7
33
33
34
23
23
23
7
7
23
33
34
34
7
33
23
34
34
33
34
23
34
33
23
34
34
34
34
33
23
7
34
34
34
7
7
23
33
33
23
33
34
34
23
23
33
23
34
34
7
23
23
34
34
33
23
7
23
34
23
7
23
23
23
33
34
7
23
23
33
34
33
23
33
7
33
7
7
33
33
23
7
23
34
34
34
23
33
23
34
34
34
34
33
7
23
33
33
33
7
7
33
7
23
34
23
33
34
33
7
34
34
23
34
23
33
7
23
23
7
33
7
7
23
7
7
23
7
33
23
7
33
33
7
7
33
33
34
33
23
33
23
34
7
23
34
34
33
33
34
33
34
23
23
34
34
34
33
23
23
34
33
33
23
7
33
23
7
34
7
34
34
34
33
33
7
23
34
33
34
34
33
33
7
23
33
33
23
34
7
33
7
33
23
23
23
33
7
7
33
23
7
23
33
23
33
7
7
7
34
7
34
23
7
7
34
33
23
34
34
7
33
33
23
7
34
34
34
23
7
34
34
7
33
34
33
7
23
34
33
23
23
33
7
