8
40
75.0
33
7
30
27
16
26
20
38
21
17
10
39
31
32
35
7
4
18
18
35
11
7
23
3
6
11
7
29
18
14
30
19
12
36
14
4
36
21
37
25
9
4
24
2
33
30
18
10
2
18
38
7
22
32
13
6
32
3
32
23
10
18
13
30
35
22
33
23
37
18
2
5
5
35
13
11
14
15
37
5
25
2
8
10
10
23
33
1
33
13
28
21
28
11
23
1
39
14
37
38
35
0
28
37
1
1
13
32
1
21
25
4
21
10
38
21
10
32
2
25
22
6
28
29
23
3
38
27
21
30
13
28
18
22
34
7
39
37
6
39
28
7
21
39
7
35
33
10
10
1
10
32
1
6
25
6
30
36
8
7
4
39
38
11
1
15
27
1
28
7
18
10
2
10
10
1
3
15
35
10
3
22
38
28
30
38
1
3
30
27
1
29
33
25
33
13
18
11
4
11
23
23
8
30
7
38
13
36
39
28
27
22
37
33
3
14
18
7
2
38
10
30
7
6
32
25
18
21
10
38
21
32
8
4
2
13
1
33
27
13
1
7
14
39
27
29
2
39
10
29
7
4
11
33
8
29
23
28
4
38
1
39
22
27
7
4
39
6
14
35
18
10
27
4
39
23
38
4
28
25
28
27
23
37
4
14
11
14
39
15
38
38
14
4
5
35
10
4
30
32
21
28
10
7
2
4
18
5
3
18
32
21
8
32
4
5
2
25
35
14
34
37
30
11
35
18
25
18
2
32
29
7
15
15
11
6
38
25
21
37
18
1
5
14
3
36
28
22
39
11
11
38
36
4
22
30
1
37
5
3
23
37
5
30
4
18
23
4
28
36
4
5
21
6
11
30
29
23
22
7
8
32
7
2
13
1
27
3
39
36
15
28
4
27
28
4
22
2
33
36
8
39
30
14
22
38
8
8
8
32
7
14
10
30
18
27
18
15
33
3
23
27
11
13
36
15
39
6
27
39
13
6
34
5
3
8
8
3
33
39
3
2
11
3
11
38
11
38
29
27
2
8
4
35
37
1
38
1
5
6
15
8
11
5
38
35
30
30
28
36
28
22
25
8
13
28
30
37
37
33
22
13
14
38
1
37
11
3
39
33
30
28
34
33
11
10
1
39
6
7
3
23
23
13
27
39
3
5
28
25
13
27
8
4
22
25
37
34
7
2
38
32
14
30
39
7
7
35
22
22
37
21
27
4
11
23
11
6
21
5
6
30
13
5
30
25
1
13
13
38
2
35
29
28
25
13
25
7
5
33
34
14
6
28
18
39
37
11
13
35
22
30
4
5
14
2
2
10
5
11
27
4
28
33
5
27
38
33
10
28
33
22
6
5
38
36
34
38
4
10
28
38
22
22
11
30
4
13
1
2
28
27
3
27
28
13
15
6
5
8
6
2
10
27
7
32
36
34
5
10
39
38
5
39
5
14
3
36
29
18
3
13
22
3
30
23
11
29
3
30
6
21
6
15
27
23
21
30
4
38
27
38
28
38
27
32
34
29
25
30
5
13
35
33
8
37
34
33
27
5
32
30
27
33
18
36
35
3
13
15
11
29
32
1
7
30
2
32
8
4
35
39
15
2
6
34
13
34
13
39
6
25
3
38
35
1
3
34
29
22
15
28
4
33
3
2
35
27
11
7
22
32
23
34
27
27
29
5
21
1
36
39
6
38
6
7
6
7
10
2
2
32
6
25
33
38
34
11
30
11
5
15
21
11
25
5
38
7
33
18
21
18
27
8
27
28
34
29
37
38
1
8
14
8
35
2
2
23
32
5
34
39
10
15
1
22
3
30
33
3
6
30
29
22
37
28
32
11
39
32
25
36
35
2
18
15
5
25
11
14
32
13
39
22
25
10
5
30
2
34
8
27
22
39
23
27
27
35
36
25
2
35
28
38
7
15
3
38
13
13
30
23
28
6
13
37
14
15
1
10
25
37
28
5
10
22
2
32
15
34
22
32
8
37
13
2
39
3
36
15
15
36
8
32
21
27
8
29
35
33
28
38
35
14
39
3
39
15
32
15
18
6
15
27
2
11
23
21
13
1
11
22
30
35
7
37
37
29
30
23
32
34
37
35
36
35
6
34
14
32
10
4
18
11
37
27
6
18
28
36
1
14
33
27
30
7
39
23
6
36
2
32
13
39
2
14
35
8
18
22
35
8
6
2
29
28
14
25
2
27
2
6
13
36
3
4
15
15
6
8
32
14
2
29
3
8
34
28
15
2
30
10
38
32
21
34
3
4
15
4
