8
40
90.0
38
15
0
1
30
19
9
33
22
1
31
15
34
15
8
8
9
15
32
30
5
27
32
12
25
26
33
8
37
16
7
25
2
25
30
32
28
5
29
14
0
18
4
19
36
25
11
12
29
4
23
11
39
2
25
4
38
11
32
1
19
22
16
34
21
39
25
29
33
6
6
29
20
10
33
23
37
35
2
13
12
12
20
29
6
38
1
10
20
33
8
17
27
6
12
29
16
29
10
5
23
17
34
19
4
1
28
24
12
4
25
35
37
4
31
28
38
29
28
2
7
37
0
35
28
28
7
28
0
17
13
14
27
12
3
8
24
17
38
23
17
11
1
16
31
27
2
33
34
8
24
11
11
37
13
7
12
37
5
38
6
29
11
32
6
4
5
17
9
0
21
11
39
12
12
17
19
23
16
27
37
30
7
12
5
20
25
32
37
9
23
12
9
37
33
21
20
28
5
30
13
22
29
25
27
15
1
8
20
37
16
12
25
39
4
35
30
20
33
8
28
2
5
14
5
15
28
34
9
4
15
23
16
24
33
11
14
0
9
22
25
35
29
32
34
38
15
32
13
9
20
37
4
11
17
19
16
17
11
27
25
22
13
21
34
34
35
0
5
11
29
35
35
9
39
2
2
9
39
37
7
37
32
4
28
4
4
4
20
34
28
7
6
37
32
0
34
19
1
21
29
7
33
38
30
16
0
16
32
22
9
24
33
21
21
30
32
8
33
37
9
30
29
31
12
23
2
35
22
38
17
35
34
33
32
19
0
10
17
1
33
23
29
4
38
35
25
25
35
39
21
4
9
22
0
21
12
17
25
13
37
21
24
34
16
0
20
39
35
0
5
4
12
14
28
11
35
29
27
34
39
1
38
20
34
24
27
29
37
22
32
24
8
12
25
6
12
32
2
39
0
31
23
8
21
12
34
9
35
39
39
12
15
30
15
32
4
8
38
10
11
13
10
21
39
10
0
16
13
30
37
33
35
22
37
24
4
30
10
32
8
33
37
9
32
20
8
13
16
14
29
2
21
24
23
11
6
14
6
20
14
28
22
1
5
29
15
8
33
7
2
2
7
21
24
37
16
19
15
32
14
17
32
4
21
38
15
12
30
34
2
17
37
30
27
0
17
31
23
20
31
13
1
30
19
8
9
28
27
9
38
17
12
38
4
20
0
39
33
11
24
13
14
39
23
5
14
20
21
35
22
22
2
29
23
21
6
8
28
13
10
15
6
38
38
1
38
4
14
7
6
5
28
10
17
11
20
27
17
23
32
27
4
11
10
24
9
9
8
31
17
9
22
5
16
28
4
20
39
28
2
32
27
21
20
5
6
16
20
23
17
29
28
8
1
20
15
27
32
37
35
37
35
0
39
14
22
12
15
31
16
13
17
7
6
22
13
0
16
20
5
13
5
35
31
5
0
31
16
22
31
5
5
4
12
24
11
37
22
37
20
0
8
13
8
12
31
21
17
0
16
22
8
2
33
38
27
21
24
35
1
27
7
32
7
38
1
1
17
17
23
25
33
37
34
7
24
17
13
7
34
24
17
0
2
14
33
13
23
15
16
5
15
20
23
34
22
23
13
17
35
11
1
2
30
20
20
20
5
21
13
31
15
2
4
35
34
13
35
10
31
17
27
30
6
2
15
11
33
23
17
11
6
24
31
8
22
24
31
1
33
15
23
32
12
7
20
8
16
39
32
13
39
14
28
21
19
9
7
1
9
21
13
31
16
1
8
7
35
2
12
14
14
15
20
30
38
28
28
20
30
14
34
14
11
13
6
8
2
38
13
30
23
19
12
9
1
1
17
1
14
21
31
20
19
4
32
23
5
32
19
37
21
27
9
28
25
31
35
39
27
9
6
37
12
21
31
20
21
20
16
5
24
6
0
9
28
27
15
32
2
16
12
7
16
15
1
12
17
39
32
16
9
5
33
30
5
34
22
35
9
7
32
22
20
32
15
4
35
9
6
32
39
20
16
4
39
37
21
38
32
0
29
20
38
32
33
37
37
5
19
12
28
29
35
6
23
2
19
8
1
23
31
25
21
14
17
35
10
37
13
31
33
4
13
22
9
1
5
20
5
30
22
27
32
5
13
35
34
35
39
38
17
19
8
25
29
35
17
0
15
0
33
10
35
1
15
15
9
38
32
17
9
16
30
17
27
31
22
20
22
29
25
23
2
4
16
33
38
11
25
11
19
16
34
38
33
21
27
24
33
22
29
24
20
9
4
33
16
2
21
1
8
17
17
15
24
37
39
2
