8
40
85.0
6
14
9
0
16
19
12
10
23
33
26
38
24
23
8
39
33
21
11
15
22
32
36
8
39
38
24
25
33
28
23
20
8
15
19
28
8
1
17
8
36
23
27
4
10
19
19
19
24
5
9
10
39
25
9
29
27
25
38
13
39
32
37
32
32
17
26
7
9
19
3
5
32
27
36
5
37
27
36
26
23
24
28
39
28
28
32
24
22
38
12
2
18
33
18
19
24
30
39
15
16
6
18
9
37
25
1
23
7
2
33
1
18
32
20
24
17
32
33
39
22
19
32
8
31
18
36
10
25
34
37
4
35
13
30
1
24
7
31
6
15
25
8
23
3
16
13
4
15
37
4
8
33
25
28
32
35
6
19
13
27
20
18
6
16
7
36
28
19
18
16
38
28
13
38
9
32
12
3
2
23
28
22
17
9
36
25
9
20
18
33
39
4
27
8
39
6
28
37
32
18
23
2
33
22
3
27
18
24
16
37
32
6
9
16
31
23
17
24
18
16
9
6
35
18
28
30
4
1
17
8
15
17
6
1
36
20
22
24
25
26
12
36
12
35
15
2
9
3
2
31
19
17
35
39
38
20
26
23
6
25
20
7
36
13
17
26
23
8
18
27
7
30
17
27
18
38
36
9
19
19
5
35
33
32
27
15
23
32
25
3
3
1
20
27
13
3
25
39
37
3
27
20
8
33
33
23
35
7
24
30
38
5
23
31
8
31
12
22
23
3
22
3
10
4
26
9
12
12
7
5
24
18
20
28
13
4
25
6
35
20
18
8
8
4
6
19
25
2
10
17
23
13
3
17
22
1
3
39
24
3
22
16
33
3
13
36
10
22
7
1
16
20
39
27
39
37
10
15
31
13
20
39
18
3
10
5
28
22
36
2
35
10
38
30
24
24
33
3
30
8
30
18
1
12
17
33
32
38
18
10
7
37
25
8
28
5
37
13
1
23
1
2
26
36
22
5
2
8
2
19
16
10
7
39
37
24
30
6
35
31
7
5
8
35
19
10
30
23
25
6
17
28
19
8
28
12
31
12
9
26
25
6
6
16
31
17
10
26
13
8
9
32
39
27
9
7
27
6
3
28
3
16
16
13
16
30
19
1
28
9
26
30
17
36
26
3
25
36
18
5
37
8
5
39
27
9
24
37
33
26
28
27
24
28
5
5
38
12
38
26
38
17
22
18
22
4
13
12
12
32
31
32
22
16
20
30
37
26
22
7
7
6
16
32
24
35
5
26
10
31
32
32
25
16
13
6
23
30
16
7
20
32
9
27
1
27
38
6
7
30
9
2
17
4
18
31
32
16
4
30
18
26
22
7
27
12
20
36
31
26
36
37
28
18
16
33
19
6
13
33
15
19
23
16
8
5
8
9
22
33
33
18
17
2
19
16
32
37
5
37
2
13
1
6
22
17
10
20
28
15
5
30
3
19
19
26
26
24
8
18
25
22
26
36
3
2
30
36
18
8
39
30
27
39
7
39
35
27
20
31
16
25
16
37
27
5
36
3
17
8
26
3
35
9
13
37
16
9
16
8
2
35
1
23
1
19
30
15
22
6
20
38
33
30
32
36
23
9
25
24
1
13
19
7
27
9
23
20
17
36
26
27
1
22
8
1
23
18
27
25
15
17
4
12
28
16
5
31
12
37
7
28
3
37
36
25
1
22
3
20
20
19
2
7
28
4
35
37
27
24
8
20
37
4
6
37
30
37
28
27
39
27
37
36
3
22
10
35
22
9
12
39
36
4
31
19
31
8
2
15
10
2
32
15
8
12
36
30
24
8
33
32
1
20
3
22
28
25
36
5
26
38
37
22
6
13
28
37
37
13
30
4
3
35
7
25
7
8
8
18
36
36
22
31
37
18
10
27
23
12
16
17
31
30
28
31
9
3
3
1
36
26
13
30
5
37
8
2
1
6
12
23
26
32
20
35
28
5
36
26
9
25
16
12
27
28
10
28
7
39
3
3
10
25
35
22
12
36
31
27
30
5
2
39
22
15
7
15
8
12
10
6
36
27
23
10
8
19
39
18
7
15
5
7
18
10
2
8
7
36
19
2
33
24
20
20
19
27
22
18
5
30
8
39
24
32
1
6
28
1
15
27
6
2
4
28
5
3
2
30
39
16
28
8
39
36
19
15
10
10
19
18
8
35
6
36
23
39
28
27
15
36
8
37
8
39
3
37
7
10
4
8
36
15
33
7
24
33
37
37
20
28
30
24
16
38
4
15
9
36
7
27
13
33
16
15
23
37
33
