8
40
50.0
39
18
38
7
29
6
2
39
11
16
22
35
15
39
28
5
32
18
14
3
30
38
24
27
23
39
0
38
39
10
3
12
32
34
34
13
8
37
33
39
18
21
9
10
21
39
3
1
39
39
31
28
21
19
17
36
4
3
3
6
26
18
32
33
39
9
33
34
34
22
36
18
28
22
6
3
28
38
23
18
10
20
31
9
23
5
23
31
10
10
32
18
23
3
28
3
9
26
22
10
10
26
23
22
32
6
3
10
26
21
31
23
4
32
23
26
38
38
33
31
3
28
5
4
34
21
36
28
5
3
10
23
18
34
6
18
36
39
28
36
18
28
5
23
38
13
3
25
32
13
22
32
18
3
36
31
39
13
31
39
5
18
39
18
31
26
13
23
34
6
38
21
23
13
6
3
23
13
34
33
26
23
9
34
5
10
33
39
34
10
4
10
21
28
3
36
9
34
21
28
36
3
4
18
18
31
21
22
36
28
39
21
33
28
22
34
10
23
39
36
10
39
36
3
33
21
5
38
9
32
21
23
13
18
31
6
28
9
5
22
10
10
32
21
36
13
6
36
22
3
39
34
38
38
39
28
38
38
13
34
22
23
38
33
36
22
9
31
10
23
28
22
26
32
22
36
6
10
13
31
36
39
38
13
39
3
31
33
3
28
28
3
32
5
31
10
9
5
5
5
32
9
10
3
22
5
38
9
9
31
38
34
18
28
31
31
5
3
39
6
3
26
33
5
31
13
10
21
18
3
18
31
21
4
23
5
23
6
36
34
13
33
3
26
31
18
38
13
32
34
4
6
22
6
6
33
10
10
3
34
21
28
28
10
10
5
6
13
33
34
39
13
36
33
13
32
3
31
38
31
10
6
32
10
13
28
33
36
9
32
21
32
9
13
9
32
4
33
28
9
22
39
36
31
36
39
32
26
6
13
9
31
13
36
10
6
36
38
9
18
18
4
33
4
39
39
18
31
22
32
10
18
4
28
36
9
6
22
4
5
4
4
23
22
3
39
6
26
36
32
36
9
18
34
39
4
34
28
6
10
6
34
21
4
5
10
18
10
38
21
39
39
21
22
38
5
32
32
26
3
36
22
26
34
4
36
6
36
39
38
31
39
18
38
39
23
32
10
5
28
38
38
9
4
13
13
10
34
13
9
3
39
23
4
34
36
18
28
32
13
38
9
6
39
10
4
32
26
9
10
34
6
31
34
9
38
36
6
32
13
22
5
21
28
33
9
21
34
36
31
6
39
32
21
34
10
4
26
6
9
23
3
21
22
39
18
32
38
21
36
21
23
26
36
9
23
21
21
33
4
31
10
10
10
6
10
36
31
32
28
13
31
22
26
5
4
32
26
5
5
6
3
34
3
23
5
13
31
33
34
10
32
5
21
3
26
5
13
23
33
23
36
31
22
33
26
32
4
10
10
28
10
33
26
28
31
33
13
38
13
22
38
6
34
21
21
3
36
21
21
6
5
10
9
6
3
22
33
23
18
5
13
28
34
33
31
9
18
10
32
9
36
38
33
31
3
28
34
32
5
21
6
10
18
26
39
36
34
36
36
9
9
4
33
13
13
38
5
5
36
18
18
13
33
18
13
6
5
32
36
28
34
23
18
31
13
5
39
23
36
13
32
22
3
26
21
23
36
33
38
10
6
38
32
38
36
5
32
36
26
31
32
23
38
10
4
26
21
9
26
5
5
23
36
22
36
39
33
10
36
5
33
36
34
5
6
18
21
38
3
39
13
9
6
31
5
34
33
3
5
36
13
4
6
13
32
33
32
38
4
6
32
32
23
38
28
4
36
3
33
34
18
6
39
22
39
26
10
4
26
4
13
34
26
23
32
6
13
28
26
38
28
28
21
23
39
21
22
13
39
21
5
9
34
38
32
13
36
36
38
6
5
32
22
13
26
6
18
21
36
33
21
6
28
18
23
9
3
3
33
6
13
9
21
4
13
3
39
39
5
39
3
5
38
38
31
22
10
26
5
32
21
26
34
38
34
39
21
23
32
23
3
3
23
21
6
38
13
21
6
23
10
38
39
4
33
34
26
34
9
5
18
36
28
18
22
5
6
28
18
5
33
32
21
31
18
3
4
38
36
32
3
32
28
34
39
33
38
4
23
22
13
21
31
26
32
39
31
3
31
32
23
36
26
32
21
6
34
28
22
26
23
23
6
13
28
22
39
39
13
34
33
13
21
4
31
10
4
18
21
26
36
10
28
4
5
38
5
23
33
33
13
39
28
38
3
9
28
26
34
