8
40
95.0
15
34
18
8
20
35
25
5
11
0
24
24
23
18
31
7
32
32
37
8
8
36
1
9
15
6
6
25
13
26
6
28
25
33
20
9
19
33
4
14
27
15
7
23
15
18
5
9
37
33
19
2
33
3
21
27
16
10
19
15
21
21
28
13
2
15
33
36
33
24
2
12
23
7
24
35
30
8
14
28
16
24
6
29
2
18
11
17
14
5
2
1
5
4
38
22
6
22
37
25
20
12
20
20
16
9
30
27
25
7
25
38
2
35
32
5
32
17
26
14
3
37
38
30
11
4
9
39
33
15
23
37
2
10
23
26
19
10
7
20
37
31
7
13
27
24
30
23
8
4
31
26
34
14
4
28
20
6
38
15
17
7
25
19
7
32
1
25
1
10
32
3
6
1
12
39
5
22
24
17
7
14
38
1
18
12
7
30
20
3
22
11
17
19
6
3
10
4
21
14
9
4
34
11
18
28
32
28
36
18
5
12
5
6
1
11
11
14
13
11
18
11
15
35
36
38
8
2
11
27
6
10
3
34
3
16
32
7
33
4
11
5
24
38
9
6
23
15
30
39
37
37
34
37
39
13
34
27
37
5
22
18
10
31
34
19
18
17
18
16
33
18
9
33
28
5
2
7
35
1
10
17
4
9
28
7
5
38
21
5
15
31
7
19
11
1
17
7
8
34
8
21
36
18
34
15
15
31
28
1
10
26
24
24
14
22
22
7
38
31
37
32
8
26
34
17
9
26
21
7
6
3
5
10
30
38
12
37
9
6
9
19
2
4
32
11
9
22
28
11
23
21
34
12
4
25
32
21
35
2
31
17
31
14
28
19
12
14
33
9
14
6
35
17
8
27
11
28
5
38
14
13
34
32
22
37
34
39
31
1
24
10
39
38
2
26
28
37
10
28
38
7
16
1
25
8
15
14
9
19
18
22
33
2
32
26
26
38
11
23
10
21
38
5
8
7
19
10
19
19
1
4
10
21
11
38
10
17
34
24
36
31
30
5
6
21
32
21
31
21
20
31
5
38
20
39
2
24
32
18
34
14
36
4
4
5
33
17
37
12
1
1
16
31
38
6
38
30
31
1
26
25
17
8
12
13
18
1
14
12
33
10
39
31
10
26
7
12
38
7
2
33
35
2
19
39
31
1
10
10
11
2
28
6
22
27
39
21
7
16
20
26
23
12
28
10
15
37
22
10
33
13
22
23
35
39
30
15
21
25
2
22
10
5
10
31
4
18
24
35
22
8
32
27
32
1
3
5
30
2
7
5
27
39
15
30
8
33
28
16
33
38
32
11
14
36
27
8
37
35
13
30
39
21
23
28
33
6
37
14
12
4
39
22
23
32
18
37
17
4
13
21
28
8
11
14
28
1
10
26
26
9
4
3
16
1
26
5
8
18
3
5
14
5
22
7
38
4
19
9
26
35
37
8
39
1
23
19
3
22
22
33
25
34
7
30
28
19
2
18
15
37
12
16
39
19
2
33
5
11
14
31
15
11
15
38
14
32
16
24
20
5
24
32
3
26
27
11
18
33
28
11
15
33
25
39
28
17
18
4
8
20
15
28
1
13
11
9
1
25
32
7
13
19
27
7
22
35
14
20
38
27
37
1
28
21
15
4
19
28
34
37
33
33
25
37
19
16
24
7
13
34
22
14
22
39
10
32
11
14
6
17
35
11
30
10
30
17
24
37
19
15
20
21
35
5
37
7
21
36
33
2
22
33
30
6
1
2
21
37
18
31
5
26
31
14
5
16
5
28
37
11
2
5
12
17
7
31
8
28
1
5
2
7
6
25
31
23
12
17
39
5
39
21
19
1
27
30
3
5
26
26
8
6
24
22
9
13
37
9
34
14
30
12
33
24
20
39
5
10
3
10
28
20
30
3
3
31
27
21
20
33
22
22
34
15
12
33
11
17
14
12
1
36
10
21
35
28
23
19
11
22
35
32
17
33
5
22
14
7
36
22
24
18
16
31
15
4
18
6
27
16
38
2
14
26
39
4
28
18
16
13
17
13
36
37
24
32
17
31
25
24
14
24
39
23
26
27
9
8
4
23
31
6
37
37
17
16
13
12
3
16
38
20
39
36
25
11
36
12
27
12
20
4
4
9
38
36
32
9
2
6
36
7
38
35
10
33
1
6
32
4
18
4
10
37
9
38
38
10
16
32
33
18
1
12
11
21
19
8
36
9
25
15
22
34
9
7
9
17
33
16
25
2
28
3
26
11
12
12
10
27
17
4
34
5
27
18
16
26
