8
40
30.0
38
13
37
2
15
3
0
6
22
36
21
26
16
27
30
11
8
18
25
34
21
1
19
23
11
28
30
6
24
15
30
5
9
24
10
20
30
5
18
18
6
5
5
7
39
24
5
21
33
5
11
24
17
5
18
14
24
4
18
17
11
6
12
32
11
18
12
29
35
30
17
35
1
12
24
18
24
15
11
21
21
31
1
17
17
30
35
18
11
18
5
12
30
21
17
12
24
30
11
1
12
18
6
30
1
35
30
21
17
1
24
5
30
1
30
35
35
35
1
17
11
1
21
17
5
17
21
1
21
11
21
6
30
11
24
35
17
11
24
18
17
17
24
1
17
1
18
21
15
5
6
12
15
5
1
12
21
5
24
24
24
12
21
17
24
12
6
11
6
5
24
21
35
1
1
30
24
15
35
1
11
21
35
17
15
5
1
30
24
12
17
21
12
12
21
18
1
18
35
5
17
6
1
11
30
35
11
12
35
21
15
11
6
1
18
35
6
5
24
30
35
21
11
6
17
21
15
12
12
18
12
6
5
30
24
17
24
5
30
21
11
5
5
24
21
12
18
18
21
18
17
12
18
17
24
18
35
1
30
35
5
24
5
6
6
30
15
11
24
30
24
6
21
24
35
5
21
24
35
15
12
5
15
35
5
24
18
1
24
35
15
6
30
30
30
1
1
18
11
21
15
11
17
6
11
30
6
5
35
35
18
12
21
35
15
17
21
11
1
15
30
12
35
15
35
11
15
15
11
35
17
1
5
5
1
24
12
35
15
24
35
6
17
15
5
5
12
11
5
5
15
1
5
5
35
30
30
1
1
11
1
30
35
24
15
21
1
5
1
30
18
11
11
1
24
17
6
30
5
18
11
30
17
21
24
12
21
30
24
6
12
12
15
18
11
11
17
15
35
15
35
1
5
21
12
11
5
18
12
17
24
6
1
12
21
17
1
12
35
30
11
11
5
1
18
30
24
5
17
1
11
18
6
21
30
35
6
21
21
12
24
12
1
5
11
30
11
21
12
17
21
30
24
24
24
1
18
12
21
21
30
21
35
15
11
24
11
1
12
5
12
18
1
35
30
15
6
1
15
35
17
18
12
18
5
6
15
15
18
30
18
15
11
11
21
12
24
1
15
5
1
17
18
30
21
12
15
21
18
24
11
35
35
21
12
17
17
1
35
15
24
35
18
21
15
17
11
6
11
5
17
30
12
18
21
15
24
35
24
5
6
11
17
12
21
1
1
5
15
12
35
5
5
15
17
5
18
18
1
1
30
21
24
21
35
15
24
1
12
21
30
1
30
21
18
5
35
24
6
35
17
6
11
12
15
15
15
24
18
17
24
17
17
24
12
12
21
11
11
24
5
1
30
24
18
11
35
15
6
5
1
6
6
6
11
35
1
18
35
6
5
12
18
1
1
1
11
30
24
5
15
6
24
1
5
24
15
15
17
17
11
17
17
24
1
6
5
24
35
24
15
6
15
5
35
15
1
1
11
35
18
24
30
21
12
17
11
1
5
11
17
18
35
6
1
35
17
17
21
6
5
17
30
1
15
5
24
21
6
11
35
21
18
12
17
6
1
15
17
30
1
30
35
24
24
17
6
1
17
12
30
6
11
12
15
11
5
17
18
6
17
11
12
11
5
24
18
12
5
6
6
35
11
1
35
1
5
35
17
21
5
21
6
18
24
6
11
6
24
24
5
5
18
18
21
30
12
17
1
5
18
5
21
5
6
21
1
24
24
24
35
12
17
11
24
21
5
11
6
18
24
15
17
21
35
21
21
12
11
30
35
5
18
35
6
21
18
11
24
6
17
15
35
30
5
11
1
5
24
30
5
5
15
1
1
30
35
1
11
5
11
6
35
1
30
6
11
12
17
17
15
18
18
35
5
11
24
17
30
12
18
12
30
30
11
6
24
1
15
17
1
17
35
1
21
12
21
11
30
12
12
1
5
6
18
5
21
11
15
15
15
30
6
11
12
5
17
12
15
30
6
12
6
21
21
15
12
1
24
6
35
21
30
12
12
5
5
24
21
35
6
12
6
15
5
21
24
17
5
5
17
18
35
6
30
12
30
12
30
30
15
35
1
15
6
1
30
21
12
6
35
17
5
11
1
30
6
21
6
24
24
6
5
18
5
11
18
5
15
18
1
1
5
12
30
6
5
11
15
6
17
35
5
30
1
12
30
17
17
21
11
1
1
1
6
21
5
11
18
1
1
18
5
18
1
15
17
21
11
18
21
24
5
35
17
12
21
5
21
21
