8
40
5.0
4
5
18
16
38
10
7
6
3
36
32
1
20
31
0
37
2
24
9
34
26
35
8
9
12
14
33
9
13
17
25
15
39
27
19
11
22
29
23
9
23
30
28
9
21
9
9
23
23
9
9
23
23
9
23
9
9
9
23
23
9
9
23
23
23
23
9
9
9
9
23
9
9
23
9
23
9
23
9
23
23
9
23
9
23
9
9
23
23
9
9
23
9
23
9
23
23
9
23
9
9
23
9
9
23
9
9
9
23
23
9
9
9
23
9
23
23
23
23
23
9
23
9
23
23
9
23
9
9
23
9
9
9
23
9
9
23
23
9
9
23
23
23
9
9
23
9
23
23
23
9
23
23
9
23
23
23
9
23
9
23
23
23
9
9
9
9
9
23
9
9
9
9
9
23
9
23
9
23
9
23
9
23
9
23
23
9
23
23
9
23
9
23
23
9
23
23
23
23
23
23
23
9
23
23
9
23
9
9
23
9
23
9
23
23
23
23
9
23
23
23
9
9
9
9
23
23
23
9
9
9
9
9
9
23
23
23
9
23
9
9
23
23
9
23
9
9
23
9
23
9
9
23
23
9
9
23
9
9
9
23
9
9
9
9
23
23
9
23
9
23
9
23
9
23
23
9
9
9
23
9
9
23
23
9
9
23
23
23
23
9
23
9
23
9
23
23
23
9
23
9
23
23
23
23
9
9
9
9
9
23
9
9
23
23
23
23
23
9
9
23
9
9
23
9
23
9
23
9
23
9
23
23
9
23
9
9
9
23
23
23
23
9
9
23
9
9
23
23
23
23
9
23
9
23
23
9
9
23
9
9
9
23
9
9
9
23
23
23
23
9
9
23
9
23
23
9
9
23
23
9
9
9
9
9
9
23
9
9
9
9
23
9
23
9
23
9
23
23
9
9
23
9
9
9
9
9
9
9
23
23
9
23
23
23
9
23
23
9
9
9
9
23
23
9
23
9
23
9
23
9
9
23
23
9
9
23
9
9
9
23
9
9
23
9
9
23
9
23
9
23
23
23
9
9
23
23
23
9
23
9
23
9
9
9
23
9
23
9
23
23
23
9
9
23
9
9
9
9
23
23
9
9
9
9
23
23
23
23
23
23
9
23
9
23
9
23
9
23
23
23
9
23
9
9
9
23
9
9
9
9
9
23
23
9
23
9
23
9
23
9
9
23
23
9
23
23
23
23
23
9
23
9
9
23
23
9
9
9
23
9
23
9
9
9
9
9
23
23
9
9
23
23
23
23
9
9
23
9
23
23
9
23
9
23
9
9
9
9
23
9
23
23
23
9
9
9
9
9
9
9
9
23
9
23
23
23
23
23
9
23
23
9
9
23
23
9
9
23
23
23
23
23
23
23
9
9
9
23
23
23
9
9
23
9
23
23
9
23
9
23
23
9
9
9
23
23
9
9
23
9
9
9
9
9
23
9
23
9
9
9
9
23
23
9
23
23
9
9
9
23
23
23
23
23
23
9
9
23
9
9
23
23
23
23
9
23
9
23
23
23
23
23
9
9
23
9
9
23
9
9
9
23
23
9
23
23
23
23
9
9
23
9
23
9
9
9
9
23
9
23
9
9
9
23
23
9
9
9
23
23
23
23
23
23
23
23
9
9
9
9
9
23
9
23
9
23
9
23
23
9
9
9
23
23
9
9
23
9
9
9
23
9
9
9
9
23
9
23
9
23
23
23
23
9
23
9
9
9
9
9
23
23
23
9
23
9
23
23
23
23
23
9
23
23
23
23
9
23
23
23
23
9
9
9
23
23
23
23
23
9
9
9
9
23
23
9
9
23
23
23
9
9
23
9
23
9
23
9
9
23
9
9
9
9
9
9
9
23
9
23
23
9
9
9
9
23
9
9
9
23
23
9
23
9
23
9
9
9
23
9
23
9
9
9
23
9
23
23
9
23
9
9
9
23
23
9
23
23
23
23
23
23
23
9
23
9
9
23
23
9
23
23
9
9
9
9
9
23
9
23
23
9
23
9
23
23
23
23
23
23
23
23
23
9
23
9
23
9
9
23
9
23
23
23
23
23
9
9
9
9
9
23
9
9
9
9
9
23
9
9
9
23
9
23
23
9
9
23
23
9
9
9
9
23
23
23
9
9
9
23
9
23
23
9
9
9
9
23
23
23
23
23
23
23
23
23
23
9
9
23
9
9
23
9
9
9
9
23
23
9
9
23
9
23
23
23
9
23
23
9
23
9
23
23
23
9
23
23
9
9
23
23
23
23
9
9
23
23
23
