8
40
80.0
38
11
35
7
36
37
14
21
4
8
14
34
5
36
36
15
17
18
27
18
9
39
22
39
35
29
4
7
17
17
8
9
7
4
37
2
24
37
37
9
26
13
25
37
8
25
16
2
5
20
1
12
0
39
3
12
12
12
23
2
5
1
2
35
5
19
32
1
28
10
7
37
36
26
23
2
1
10
22
10
35
26
32
1
19
7
8
14
24
20
10
7
10
5
9
36
31
1
12
16
24
23
22
25
35
14
12
10
26
23
35
31
7
12
5
6
32
19
31
22
20
5
35
36
28
39
23
30
36
0
22
2
39
14
17
36
13
12
3
23
33
33
7
8
24
13
19
13
19
9
37
18
36
22
18
32
14
37
10
6
2
6
31
18
5
13
26
17
12
25
35
28
2
22
8
23
22
26
5
19
1
39
7
5
8
26
39
32
26
20
22
5
36
28
26
22
16
1
25
17
37
14
19
31
37
5
24
0
1
13
8
35
35
23
1
4
25
6
28
9
0
33
4
9
9
6
8
10
4
22
23
18
23
10
12
20
16
13
22
18
13
33
12
4
37
4
17
4
22
1
18
4
13
19
32
14
2
16
26
28
8
10
32
12
18
16
39
7
36
26
36
20
22
7
32
39
33
6
16
24
24
28
31
19
14
31
14
31
23
10
18
16
5
31
24
16
4
8
0
0
20
31
17
31
28
17
16
28
5
5
5
18
14
2
28
22
14
26
8
13
3
2
0
26
1
23
20
22
7
9
28
12
36
24
37
36
14
16
17
37
9
6
4
9
33
25
16
16
24
33
1
17
9
22
9
32
1
17
10
14
20
39
9
36
5
25
1
18
5
18
17
7
36
39
22
33
4
23
5
5
19
17
26
4
5
5
8
22
22
35
0
39
1
2
6
3
31
5
5
28
6
10
7
5
22
20
14
10
33
0
28
37
13
28
17
0
8
2
18
5
35
2
12
7
36
24
22
20
8
18
26
25
31
4
10
7
28
32
10
24
33
22
4
33
7
23
24
18
12
36
37
25
20
10
26
32
6
23
33
9
31
19
4
6
37
32
2
10
36
16
22
20
3
23
25
13
24
16
6
35
13
36
1
7
31
5
23
37
9
20
36
39
1
33
19
35
16
0
8
7
31
3
5
33
14
12
26
26
25
39
18
2
10
0
4
22
8
25
32
3
16
8
22
17
2
20
14
14
26
12
20
28
24
33
23
5
36
5
26
31
6
24
18
32
16
7
32
26
33
16
17
20
18
25
13
26
33
25
2
12
9
17
0
36
3
0
7
1
14
2
3
26
0
16
25
6
22
36
5
10
23
16
3
16
22
31
23
16
36
9
3
5
23
10
37
6
2
25
39
4
7
9
33
10
4
0
14
7
18
39
6
32
25
7
7
35
10
32
18
24
31
31
36
16
1
7
39
4
35
33
32
14
36
16
4
39
2
35
20
18
20
36
19
33
1
26
20
32
3
25
6
9
0
6
28
2
19
25
37
24
35
26
35
7
25
14
23
37
9
20
1
19
0
12
28
19
23
12
1
33
32
31
3
10
20
32
0
1
0
24
17
10
6
35
20
17
16
10
24
25
36
3
14
28
7
1
16
4
14
23
12
28
7
7
24
23
16
26
23
0
7
12
19
35
17
14
37
18
9
16
37
35
36
7
9
28
10
10
28
1
1
9
24
24
18
14
5
9
0
17
14
18
36
18
16
23
23
36
5
0
14
23
16
0
8
36
20
5
23
5
6
17
25
1
5
28
5
0
33
2
7
0
12
28
4
13
23
28
4
32
39
28
2
19
25
26
28
7
35
8
3
2
2
23
10
0
9
26
33
23
16
9
5
33
36
24
24
12
1
22
10
16
16
6
8
7
24
1
14
25
33
24
33
25
13
36
1
22
0
19
20
28
33
14
3
16
28
19
16
9
16
13
13
35
35
16
2
37
36
16
2
2
28
14
25
18
1
37
28
32
3
12
12
5
0
22
36
7
18
19
13
39
2
5
10
31
22
19
0
31
16
14
5
2
19
24
10
16
39
0
26
3
25
20
37
0
1
10
26
22
36
2
2
31
0
39
23
6
33
9
0
37
39
4
2
23
0
4
23
18
20
0
8
17
39
22
35
14
26
12
5
1
1
24
7
13
4
31
6
31
24
8
9
18
0
24
2
37
26
12
10
8
19
22
18
22
35
1
8
17
33
24
0
19
9
9
16
17
0
23
10
7
6
18
22
0
9
20
37
19
18
4
33
2
16
16
20
31
33
10
