8
40
55.0
25
37
9
3
14
20
11
11
8
2
9
4
7
17
38
31
38
29
3
18
25
18
17
39
0
24
3
28
13
13
12
7
1
24
34
19
3
11
16
23
22
36
9
32
25
17
4
26
25
27
24
34
33
38
34
5
16
32
14
11
13
7
1
9
5
24
1
1
13
11
24
15
4
38
5
17
16
15
1
38
5
38
38
30
6
38
7
26
15
15
15
24
8
21
8
11
3
8
25
35
26
7
1
1
24
26
26
17
13
7
25
35
17
9
14
7
25
14
7
4
8
34
38
4
34
17
25
25
4
34
17
7
15
11
35
38
10
34
17
24
25
38
34
3
18
35
16
15
35
32
3
9
32
26
25
11
1
35
26
1
1
17
15
4
3
18
35
7
1
14
34
26
38
5
5
26
16
35
1
37
3
35
8
13
18
37
15
8
26
35
11
5
11
17
5
38
13
15
37
8
38
24
35
16
3
11
32
35
37
5
34
4
8
8
24
1
32
25
3
18
7
38
38
14
26
1
26
1
1
3
32
7
37
13
17
16
8
35
15
3
26
11
34
38
3
17
16
37
24
1
38
11
26
25
38
14
5
7
11
11
13
4
11
17
32
26
14
37
8
38
3
35
1
26
4
9
35
37
7
24
9
5
15
7
32
34
38
5
25
17
11
26
8
16
24
1
24
7
37
5
25
8
7
24
37
18
7
34
14
13
11
34
38
1
34
37
18
15
1
7
13
25
7
8
8
24
26
11
24
9
35
24
32
15
37
14
24
35
38
1
17
3
35
11
38
16
8
25
16
37
38
16
18
17
11
17
7
13
16
24
37
34
38
37
15
3
24
9
11
26
35
38
1
4
3
34
3
13
14
18
38
5
14
1
7
25
18
4
13
34
16
8
16
34
5
32
8
5
37
25
1
8
16
7
26
35
26
7
25
25
5
1
26
37
4
8
16
32
18
26
11
15
1
9
8
3
38
13
14
35
25
18
18
18
37
34
8
38
17
24
7
37
34
32
1
3
17
32
16
5
24
35
25
35
7
35
18
26
8
14
35
7
24
8
3
14
24
34
8
24
3
26
1
24
38
8
34
24
4
38
7
26
9
34
14
38
17
9
9
5
38
9
15
26
17
9
1
37
24
11
25
18
4
34
26
3
3
14
3
38
13
14
37
14
11
35
8
7
35
1
14
32
24
38
1
13
35
4
5
24
11
17
1
38
14
15
4
3
38
1
26
18
14
35
3
25
14
4
17
14
11
34
16
4
9
25
9
34
32
18
8
32
4
26
38
1
37
1
26
13
26
17
35
32
7
17
15
25
17
7
5
26
7
32
7
11
11
13
35
13
25
16
8
7
7
1
26
14
15
11
24
18
14
25
32
37
9
13
11
17
16
8
37
24
25
35
34
37
7
38
8
11
8
26
15
3
25
17
35
37
15
5
13
38
18
11
37
11
32
37
32
5
16
16
15
5
24
3
32
17
24
26
16
8
18
18
3
37
4
24
4
9
14
32
18
18
16
17
15
1
15
7
26
24
14
32
13
37
24
1
7
9
4
3
7
7
18
9
38
13
5
25
18
9
34
25
17
32
38
1
4
7
24
17
4
35
11
32
4
34
32
3
1
18
35
37
11
34
24
38
15
8
25
26
37
8
37
38
14
8
16
37
38
7
13
11
11
32
11
5
24
26
8
3
37
17
24
3
3
37
1
11
1
4
7
9
13
25
24
4
32
16
13
35
16
11
7
35
35
16
5
15
14
11
7
26
18
25
4
5
32
17
14
9
11
8
7
35
25
18
5
9
26
5
13
26
8
14
14
17
32
26
15
25
18
9
11
5
11
5
3
26
14
5
26
8
37
37
11
5
34
35
7
9
5
4
8
15
1
37
5
38
9
37
35
13
38
11
25
34
13
7
37
32
11
25
11
17
11
16
13
37
18
17
24
38
18
35
1
24
24
34
5
24
37
3
37
14
25
16
16
8
35
1
7
25
35
26
14
32
24
11
11
7
5
18
16
34
5
4
9
13
16
15
37
11
7
34
37
11
8
1
11
37
7
17
9
37
5
38
3
37
38
38
11
8
18
9
16
37
9
38
32
34
32
1
3
9
13
38
32
17
35
4
9
35
25
1
4
5
18
37
16
8
3
17
15
9
18
1
13
15
15
25
35
3
32
24
17
14
25
26
32
13
16
1
26
9
4
9
11
26
15
38
26
24
14
34
38
34
3
15
1
26
1
3
15
24
32
34
26
4
11
14
35
5
1
32
8
37
