8
40
20.0
25
10
8
35
29
21
18
19
15
34
11
36
0
16
4
12
1
26
27
22
7
20
11
15
31
15
9
33
6
34
32
2
24
25
15
38
23
5
9
13
30
14
38
28
11
37
3
38
25
31
9
38
25
31
9
34
39
15
31
9
12
25
31
31
31
31
9
15
11
31
38
15
31
11
17
11
38
9
25
31
25
12
34
11
38
12
38
11
9
38
12
15
34
25
34
11
11
11
25
38
38
34
31
34
25
9
15
38
11
25
15
31
9
25
31
38
15
34
34
9
34
11
11
25
25
9
38
12
9
15
9
38
12
38
11
34
38
12
15
15
9
15
9
34
9
38
31
15
9
31
11
34
9
12
12
34
34
34
25
34
12
9
38
9
12
31
31
12
9
11
9
38
12
38
9
15
31
25
34
25
34
9
31
34
34
12
25
11
38
11
25
15
34
34
15
31
11
12
25
9
15
31
12
11
12
11
38
34
25
25
38
15
9
9
31
9
38
9
15
9
34
31
25
9
11
9
9
12
25
38
15
15
11
25
34
38
15
25
34
38
34
15
12
34
12
11
38
31
38
34
9
12
9
38
15
15
31
38
12
12
11
12
31
9
12
12
31
9
15
11
9
34
12
12
12
31
34
25
9
12
12
12
9
15
12
31
12
15
11
31
34
12
34
38
34
15
38
31
34
11
34
11
31
11
31
34
11
38
15
31
11
12
34
31
34
9
31
25
11
25
25
9
31
31
31
38
11
34
38
31
12
31
34
11
25
38
12
12
34
31
38
34
12
12
34
11
15
9
11
38
11
15
11
12
15
25
9
9
34
31
31
25
11
12
31
9
12
38
9
11
11
9
12
25
38
31
34
15
31
15
34
11
25
25
15
15
25
12
11
25
34
34
31
31
9
38
34
11
38
31
34
34
34
31
15
25
9
25
38
25
15
38
12
31
15
12
12
25
38
25
38
15
31
25
25
12
15
12
34
34
38
11
9
11
15
31
11
34
12
12
15
25
31
9
12
12
15
15
34
38
38
34
34
12
12
12
31
11
12
9
34
9
38
15
11
38
9
12
38
11
34
38
12
12
9
12
34
31
11
34
31
11
9
34
15
31
38
11
9
31
38
38
12
31
15
34
9
38
11
9
9
38
9
15
12
31
34
12
15
9
11
11
38
25
9
25
25
12
31
38
34
9
9
38
12
34
25
12
9
25
34
25
9
38
31
9
25
12
31
9
9
38
9
11
34
12
31
31
34
12
34
25
15
25
38
9
25
31
25
38
9
15
15
25
11
31
31
25
38
34
34
11
38
9
12
15
12
25
12
31
15
9
9
12
9
12
25
38
15
15
25
15
25
31
25
34
25
9
38
11
9
38
25
25
9
38
15
38
38
38
34
38
25
12
34
15
9
38
25
34
34
11
25
15
34
9
34
38
31
9
31
15
25
34
38
38
34
38
12
9
38
25
38
15
12
31
15
9
34
9
34
9
11
12
38
31
15
9
9
38
11
25
38
25
31
11
15
12
11
34
15
25
25
15
15
34
9
31
31
38
9
11
12
9
9
12
12
15
11
11
9
11
15
11
11
15
11
34
12
25
15
12
11
11
38
25
38
25
15
12
11
11
12
25
25
12
12
34
11
9
12
15
25
25
34
11
34
38
11
31
34
38
25
34
34
34
38
25
9
9
15
25
34
12
12
31
11
38
9
15
15
15
31
9
12
34
25
11
38
34
38
12
9
15
34
34
38
9
38
34
25
11
31
31
9
11
38
11
34
11
34
12
15
9
11
34
38
25
11
9
9
31
25
31
31
11
12
9
25
12
11
15
15
9
38
12
15
25
9
38
38
9
38
38
25
34
15
11
15
31
9
12
38
34
9
15
12
38
34
38
15
31
12
12
9
15
34
34
25
31
25
11
12
38
31
15
9
31
31
12
15
9
15
15
11
25
25
9
11
31
11
9
12
34
11
34
34
25
12
34
38
25
34
11
25
38
9
15
25
12
31
31
9
31
34
11
31
31
25
25
12
9
38
38
34
25
34
9
11
9
12
38
12
34
31
25
38
31
12
38
25
31
34
12
9
31
34
11
34
31
25
31
38
31
38
11
34
34
15
34
38
11
15
38
25
15
31
31
38
12
38
15
38
31
38
12
34
25
15
9
34
11
25
31
11
9
34
15
15
12
34
34
34
9
31
11
31
15
11
15
12
38
25
31
11
31
9
31
15
11
12
9
9
25
12
38
31
11
31
38
31
12
34
15
11
25
11
15
25
12
