10
34
50.0
23
4
21
26
3
31
5
25
32
13
6
17
8
24
15
27
11
33
16
4
6
21
8
33
22
31
28
19
31
24
23
33
31
23
14
23
23
10
31
1
12
11
6
21
2
2
7
33
31
11
22
30
6
31
31
16
2
21
6
29
2
27
20
21
31
11
31
21
20
16
22
16
20
27
2
9
1
27
22
33
16
31
2
6
23
20
22
18
21
31
6
8
6
22
22
11
27
0
4
24
0
22
14
22
24
21
20
16
1
1
33
11
1
16
16
6
33
0
14
23
21
24
0
14
0
6
1
27
4
27
14
1
16
16
31
2
14
11
27
20
1
24
16
22
31
2
31
33
20
4
31
6
8
22
1
6
20
31
33
6
33
6
33
0
23
6
14
23
14
31
1
8
21
14
0
14
4
0
33
2
31
31
11
20
4
20
14
31
27
4
27
23
27
23
22
0
31
1
27
8
31
1
31
8
22
31
0
0
27
0
0
22
6
33
6
23
1
22
11
24
21
4
4
8
1
2
21
14
27
11
31
24
11
31
20
16
8
20
22
33
0
1
20
2
0
27
14
2
31
21
24
8
31
23
31
21
16
2
4
31
11
2
11
24
22
14
23
1
0
0
23
8
2
4
14
8
22
8
33
33
16
24
31
31
14
1
14
20
14
8
4
22
11
2
8
22
1
1
31
23
21
24
23
20
1
14
21
1
6
6
0
20
2
22
0
20
14
20
14
6
0
21
8
33
14
33
14
23
8
22
14
6
6
1
22
1
1
0
23
31
0
21
24
0
4
24
20
33
4
0
0
0
14
16
14
31
8
33
6
16
2
16
22
8
20
16
0
24
31
11
21
16
33
24
11
23
4
33
8
22
14
16
33
24
22
1
23
4
31
24
4
23
31
4
20
4
8
6
4
21
27
11
2
16
8
21
23
16
22
0
21
6
0
24
16
27
14
23
27
4
1
8
14
1
23
2
33
22
8
21
6
21
23
33
14
4
22
0
16
22
11
2
6
20
14
16
20
11
6
1
24
31
20
14
24
22
31
27
2
24
31
11
0
16
27
31
0
21
2
11
4
21
8
0
24
2
33
11
22
21
31
14
27
24
21
21
6
11
1
8
6
21
6
31
2
31
20
11
11
31
27
22
11
14
33
23
22
0
6
1
33
24
20
1
11
23
20
4
0
2
14
0
11
23
6
14
2
31
0
4
6
24
20
4
22
4
21
16
1
11
24
23
0
1
33
11
8
33
27
1
23
20
2
2
24
2
14
6
2
33
1
23
27
23
0
4
8
11
27
20
16
2
23
21
20
16
23
14
1
0
1
22
31
23
20
14
14
6
14
8
0
0
2
22
0
20
4
14
23
2
24
14
1
11
2
22
22
1
23
31
22
1
20
11
24
16
27
2
20
16
8
31
1
16
27
8
31
24
2
27
27
2
2
4
22
0
2
4
6
22
22
8
1
24
8
6
14
4
20
0
6
2
23
22
22
27
21
2
14
11
11
33
16
24
14
22
33
31
4
6
24
8
11
8
21
14
24
1
23
0
22
16
16
11
2
27
33
33
27
21
24
21
4
8
14
27
6
27
0
16
33
11
2
33
27
1
8
33
14
27
16
24
16
11
24
16
6
33
23
20
24
1
2
21
24
6
1
14
14
8
16
4
31
1
4
22
16
8
8
2
2
11
11
2
4
1
14
1
16
24
4
0
11
4
2
4
1
22
16
2
8
31
2
21
23
4
1
33
33
24
2
16
11
20
21
8
6
27
22
6
31
24
11
11
6
20
8
31
2
4
31
2
23
33
1
31
11
1
33
1
33
4
21
6
33
33
16
4
24
22
4
27
1
20
31
33
14
0
24
2
8
14
2
27
22
33
16
8
20
4
24
2
6
14
23
21
21
2
21
8
1
33
33
0
11
1
14
23
31
31
2
24
0
8
1
24
6
1
27
27
23
0
27
8
8
22
14
22
4
20
23
21
11
0
27
33
14
4
2
22
2
24
31
2
4
11
22
33
21
8
2
6
27
0
11
33
8
11
1
6
4
20
20
8
33
14
31
22
20
31
14
8
2
22
16
21
4
22
20
33
33
31
23
33
31
23
6
2
21
21
27
16
27
8
33
8
6
31
16
11
0
27
8
11
14
4
21
22
16
23
20
31
14
20
22
33
27
2
20
20
27
8
23
2
31
1
1
14
4
27
1
23
8
23
6
20
27
22
33
2
4
31
27
31
27
23
4
0
22
27
24
4
14
6
21
6
2
11
21
21
