10
67
50.0
25
54
7
58
52
0
56
47
45
22
59
9
44
4
36
35
40
28
5
31
25
3
30
20
29
19
60
1
55
9
26
48
43
59
6
42
46
11
51
50
48
34
15
57
33
60
51
56
29
13
10
16
61
42
48
44
50
8
62
44
41
53
31
44
44
23
60
19
38
47
60
44
14
49
38
9
19
48
34
21
48
18
16
29
44
36
2
29
31
34
32
55
42
31
23
17
23
27
16
17
36
42
63
29
2
63
50
9
16
50
37
47
42
12
46
27
17
24
32
16
60
55
25
23
19
51
38
23
39
59
60
47
29
2
27
44
55
16
24
46
65
50
16
42
47
51
36
32
62
27
32
64
23
63
34
38
11
9
32
42
32
51
55
16
62
60
32
31
47
48
34
50
12
16
25
11
63
64
63
2
24
36
29
55
66
48
48
25
27
16
9
27
55
50
50
66
44
31
31
17
42
56
31
34
59
48
50
12
19
42
63
11
25
42
34
61
44
63
34
23
56
19
2
55
29
27
64
50
44
59
36
34
2
46
60
60
12
48
46
48
50
56
51
47
55
47
55
46
9
11
29
34
42
9
23
25
29
9
23
9
51
24
32
12
55
38
25
27
23
29
2
59
66
38
25
47
61
47
36
24
66
61
29
36
60
36
2
63
51
25
64
2
2
51
12
42
59
34
48
27
9
19
23
62
19
34
64
51
11
47
48
23
62
63
66
48
25
66
63
63
9
31
55
36
31
25
63
47
12
64
29
9
62
19
31
24
50
32
17
59
66
64
44
38
64
31
36
46
65
59
17
25
31
65
55
24
34
55
19
25
19
25
56
66
51
2
55
2
36
62
12
56
61
55
65
63
11
16
60
44
42
24
44
25
64
34
62
27
51
32
63
17
17
11
66
23
34
27
44
29
25
42
19
65
23
23
51
56
34
27
50
38
24
19
23
66
17
61
48
59
63
59
51
55
32
56
38
44
9
17
55
60
34
46
17
62
36
29
25
55
50
19
42
23
56
23
24
63
50
64
24
29
36
59
11
51
32
34
55
17
12
51
61
48
23
44
2
63
34
65
47
62
62
44
42
44
50
17
11
56
16
16
27
34
63
16
34
27
24
9
11
25
42
9
65
42
11
55
24
47
46
51
66
64
65
44
64
66
55
29
42
25
46
17
11
46
66
48
63
11
61
46
31
23
55
51
12
47
31
61
38
9
17
59
59
50
46
9
19
44
31
27
64
56
32
9
2
44
64
23
63
25
31
51
36
66
64
61
29
51
38
47
38
38
16
25
55
56
61
32
55
38
38
29
42
56
2
17
46
2
16
12
65
46
36
51
55
64
17
51
42
56
31
44
47
2
25
47
46
24
64
47
9
47
27
59
11
31
11
42
12
59
36
51
34
27
17
48
44
50
66
36
63
56
36
62
60
63
44
23
27
44
44
32
46
55
12
55
38
66
12
32
59
63
47
63
16
64
36
64
61
31
31
50
65
62
34
27
31
44
65
65
62
48
9
27
46
38
56
50
17
46
36
38
48
19
50
38
34
47
11
42
31
62
64
36
29
36
65
17
32
51
42
55
32
31
65
62
60
38
38
17
63
34
38
17
59
64
29
23
51
38
65
12
59
56
38
55
11
47
17
25
48
62
42
19
27
23
12
42
24
64
38
56
66
65
64
17
42
66
42
62
25
62
59
23
55
11
19
31
55
24
62
50
64
2
17
65
51
48
66
27
36
2
17
62
56
31
38
17
17
62
9
9
19
65
65
25
48
42
44
9
38
59
63
63
12
16
29
31
17
38
66
32
60
23
65
36
31
17
65
48
65
24
16
50
42
9
27
12
50
32
16
24
66
64
63
60
27
17
38
2
34
2
16
11
16
29
63
47
9
31
29
2
64
32
32
48
56
11
34
63
23
65
9
32
64
31
44
60
23
59
24
16
56
47
12
62
11
36
56
34
19
44
64
29
66
51
17
44
27
11
36
46
19
19
25
44
12
46
50
9
34
12
66
48
29
31
31
66
23
64
66
44
11
48
46
48
61
44
44
42
46
17
59
29
44
65
62
64
46
29
44
65
23
47
42
31
36
36
51
55
55
2
38
50
27
65
47
12
51
66
56
63
34
24
9
29
29
24
12
11
59
60
17
59
42
55
25
48
9
60
29
44
64
65
51
59
51
2
2
47
23
42
38
56
23
31
62
29
65
23
24
44
65
65
9
44
66
46
19
25
11
42
19
19
24
19
46
2
23
47
51
61
64
29
46
59
32
55
