10
23
50.0
21
1
19
11
8
4
11
15
8
9
7
0
13
16
10
3
20
13
2
8
1
12
17
22
19
5
2
2
1
7
8
7
17
17
2
3
13
6
2
1
18
12
11
18
12
2
0
11
0
7
7
2
2
14
17
12
0
3
7
1
0
7
8
8
7
7
13
2
18
7
0
18
12
8
2
12
3
8
13
2
3
8
13
12
12
2
7
19
12
1
1
2
19
0
12
11
1
2
0
13
18
7
13
1
13
17
19
8
3
1
8
0
17
19
17
3
3
12
1
11
7
11
0
3
8
8
3
1
0
11
12
13
0
18
3
11
19
3
7
11
12
1
11
19
2
2
7
18
0
17
12
1
8
8
7
3
0
1
12
2
1
19
1
1
8
17
18
17
2
18
3
0
1
11
12
12
17
0
12
1
3
1
8
13
13
13
0
19
1
1
12
12
11
11
2
11
18
12
17
18
0
12
2
2
19
17
2
1
2
1
2
11
2
11
3
7
12
19
1
18
11
3
17
12
11
8
19
11
19
3
3
17
11
7
1
0
1
0
1
0
18
12
1
11
7
3
18
17
3
7
1
8
12
1
11
2
13
12
13
17
18
8
18
1
2
3
17
7
3
1
11
3
12
18
17
8
1
1
1
13
1
2
8
18
0
17
1
7
0
13
19
3
12
17
17
3
1
0
3
19
17
11
19
2
7
0
2
7
18
11
7
17
3
18
0
2
1
8
12
0
0
11
7
17
13
2
1
0
8
18
17
0
2
17
13
13
11
7
12
18
12
17
0
7
2
7
2
17
12
17
2
2
2
13
12
0
17
11
19
17
19
3
13
3
7
11
11
2
2
8
3
3
2
18
12
8
13
7
18
19
3
8
0
7
11
2
11
2
8
3
12
17
8
2
12
19
3
7
11
0
18
13
13
18
3
0
2
2
2
11
0
3
19
19
0
19
18
17
3
13
8
7
2
8
1
13
0
7
13
12
8
2
2
7
3
8
17
2
7
2
11
17
1
1
13
3
3
1
18
12
7
0
3
8
17
0
2
13
7
12
7
11
17
13
13
7
11
12
19
13
3
0
3
7
18
3
3
19
19
12
12
7
18
17
7
7
0
11
18
8
11
8
3
3
19
12
0
7
8
18
1
3
13
19
19
18
1
2
19
8
11
7
19
8
3
11
7
8
19
19
11
12
12
19
1
7
13
13
2
13
12
12
7
0
1
17
11
0
12
11
2
13
18
8
12
17
18
0
7
2
17
0
12
1
3
18
12
19
13
1
7
17
12
7
2
2
3
7
7
1
3
2
2
19
3
7
0
13
11
18
19
7
13
0
12
7
12
8
3
0
8
1
12
2
3
11
7
17
11
11
13
11
8
17
0
2
3
8
11
11
0
2
0
8
2
1
17
11
19
12
7
7
0
3
13
11
2
7
18
11
2
18
17
3
7
7
1
19
0
17
11
7
2
2
17
11
0
8
13
3
7
12
8
1
12
1
13
18
11
0
7
13
12
19
19
7
13
17
12
12
0
13
7
2
17
2
19
8
11
8
11
17
17
19
3
1
1
1
11
7
17
13
12
7
12
8
3
2
18
19
11
2
0
7
0
1
3
8
2
13
18
11
19
19
11
13
0
0
7
12
2
7
13
12
18
2
1
0
3
1
12
1
1
3
17
18
17
7
13
12
18
0
13
19
11
19
19
2
18
17
19
17
17
8
12
8
2
18
3
18
2
2
12
12
18
3
12
17
7
17
13
17
0
17
13
17
18
0
7
13
1
12
13
3
8
7
8
12
18
19
8
17
11
18
0
19
3
0
11
1
19
12
11
2
18
19
13
2
13
13
0
13
2
13
11
1
0
13
13
8
3
19
19
0
3
12
7
8
13
12
0
3
12
0
1
7
12
8
1
2
18
12
17
8
8
3
18
3
7
2
12
12
0
1
0
18
18
19
1
8
3
18
7
12
19
3
8
13
3
7
17
19
11
11
13
2
0
13
18
1
7
8
1
8
11
17
8
3
18
8
8
7
11
13
11
2
2
11
8
17
1
1
17
2
13
11
7
19
19
19
19
18
13
17
13
1
2
0
3
17
13
13
12
11
0
18
18
19
8
17
18
13
7
8
11
2
11
12
11
3
3
18
1
2
19
1
2
0
8
18
17
12
17
12
17
8
19
1
19
19
2
1
19
7
19
11
1
2
0
19
2
7
11
3
11
19
2
13
2
2
12
11
2
3
19
18
3
0
19
11
11
17
3
1
19
7
17
2
13
3
