10
43
50.0
4
28
29
41
34
21
19
37
16
15
42
27
12
12
17
35
23
2
42
16
5
1
26
34
26
3
0
20
30
26
27
7
28
39
24
9
35
13
27
10
9
35
7
12
14
12
6
23
25
38
37
10
32
28
6
10
33
12
36
1
28
28
16
27
27
6
11
6
23
42
34
23
24
9
11
28
37
24
8
34
36
12
37
9
7
35
17
23
26
0
34
40
1
34
16
1
17
0
35
12
26
16
16
40
10
16
24
22
27
40
35
10
40
12
40
11
22
28
17
6
35
0
0
9
18
17
17
23
34
40
1
24
16
1
12
1
11
7
35
0
1
36
28
35
10
16
40
24
35
17
31
16
10
1
16
42
0
40
36
26
6
42
40
34
42
11
1
1
9
23
7
36
9
23
28
10
24
17
10
35
34
0
9
17
27
34
35
16
36
1
1
42
0
27
23
40
7
22
34
0
1
40
9
1
9
0
26
36
17
27
10
10
36
9
37
17
24
40
22
40
17
28
36
40
27
40
17
12
12
11
10
6
9
22
37
17
27
6
24
42
35
16
37
10
7
6
36
40
12
24
0
7
24
22
27
6
35
1
28
23
7
7
9
28
28
22
9
42
17
34
16
17
16
24
35
9
6
26
11
10
11
42
36
34
23
42
26
24
0
28
9
35
35
12
9
6
10
37
26
9
27
36
0
10
28
10
9
36
27
16
35
40
40
42
23
6
26
27
10
0
9
7
37
7
37
23
36
34
27
27
40
40
36
36
42
22
34
40
40
35
34
16
34
22
40
27
17
0
10
26
10
36
1
17
7
11
40
9
17
42
11
35
17
12
34
26
26
26
1
37
16
23
26
1
40
34
7
36
35
37
36
27
22
42
37
16
10
16
27
9
40
34
23
17
6
9
27
1
34
36
17
11
23
28
22
17
0
7
11
28
1
24
37
12
24
28
34
7
28
11
35
22
0
22
34
35
22
9
17
23
0
1
0
12
27
7
23
16
28
23
6
6
40
10
10
6
35
23
26
40
17
22
7
16
28
26
9
26
28
35
28
22
35
12
26
36
36
11
40
37
10
34
37
1
42
11
22
28
27
36
12
23
34
24
12
35
17
40
23
12
40
28
6
11
0
24
1
36
10
24
16
27
7
26
34
12
24
34
17
1
42
23
37
27
24
28
12
0
6
27
1
35
26
27
35
35
1
28
24
6
42
34
40
0
0
26
36
34
1
9
42
26
11
9
7
36
36
7
0
11
40
37
1
1
24
36
35
34
35
42
36
35
10
11
34
35
37
24
42
23
16
27
28
0
1
27
27
40
27
24
22
42
27
35
11
36
17
42
37
37
12
34
11
0
42
27
1
24
40
27
12
35
10
6
10
10
35
11
0
36
0
34
7
40
9
16
7
27
17
11
17
40
24
37
16
28
17
17
27
40
40
17
28
40
12
23
42
36
26
16
28
0
35
26
26
17
35
17
1
9
23
9
42
10
0
28
26
37
40
40
34
22
12
35
0
35
27
22
35
0
27
42
28
36
9
17
37
34
1
7
11
24
11
7
42
37
40
9
11
9
26
35
11
10
35
26
10
42
24
1
26
27
37
6
27
9
1
16
35
7
17
16
6
12
9
35
6
7
28
22
24
37
1
1
1
26
12
37
12
37
26
0
34
11
6
24
6
26
35
11
22
23
26
28
26
36
22
1
24
26
9
6
7
16
37
1
24
24
40
11
17
23
9
6
16
0
40
10
9
16
0
12
9
17
17
17
17
42
11
11
27
7
16
28
12
11
16
11
22
11
42
27
11
28
42
37
9
28
28
35
24
27
35
9
24
35
17
1
37
9
24
7
12
7
24
35
36
23
10
1
12
1
26
1
0
34
1
0
1
22
0
40
17
0
37
37
40
1
9
37
12
34
0
6
40
6
36
16
37
23
40
12
42
40
12
42
27
0
11
27
16
12
0
24
42
26
16
35
24
11
6
9
1
9
17
42
35
26
42
26
11
12
36
28
1
27
23
40
27
37
26
16
35
16
16
28
27
10
0
34
16
10
7
42
40
22
28
34
40
35
26
9
1
28
16
27
1
23
35
35
16
24
0
7
34
10
40
16
37
10
12
34
6
10
35
7
26
24
28
16
11
36
17
26
27
26
42
0
12
24
26
24
42
40
9
34
10
27
28
7
10
36
0
1
24
23
12
28
22
40
6
11
24
28
27
0
28
22
7
6
22
0
7
12
1
35
34
0
37
40
6
16
1
24
22
6
28
11
1
9
