10
76
50.0
5
44
55
13
29
6
61
47
35
1
54
16
31
24
65
59
10
25
46
55
37
36
73
12
52
72
32
48
9
59
15
63
56
70
28
60
64
30
30
68
49
38
9
68
34
24
3
0
47
56
67
38
45
19
73
10
49
58
75
27
2
74
49
52
42
67
17
54
62
14
49
67
52
71
40
32
53
54
48
41
55
43
9
57
8
22
75
59
23
73
24
11
49
25
67
9
9
74
71
72
54
73
48
32
21
54
19
52
39
24
51
53
68
66
72
48
74
39
52
68
56
75
53
49
69
74
43
68
25
56
19
26
37
68
37
59
7
20
41
50
73
30
42
68
49
37
39
74
75
67
52
62
74
72
73
72
15
33
59
68
42
47
25
74
33
33
52
59
33
66
37
74
59
42
75
43
9
25
53
52
41
57
10
25
15
62
53
71
52
52
67
18
3
68
19
58
57
75
4
37
37
58
72
32
53
43
33
73
74
48
58
56
43
55
19
3
43
72
71
71
38
43
24
71
56
24
48
49
54
47
30
71
52
62
66
37
50
68
39
38
24
24
74
59
19
33
37
43
71
59
73
66
4
25
56
25
67
67
54
41
47
68
71
55
15
67
56
49
43
56
53
55
59
73
49
75
9
37
56
39
73
30
55
53
19
33
32
56
72
62
32
42
43
75
37
75
43
10
25
32
68
67
67
48
38
32
25
56
39
10
53
57
49
38
53
52
25
25
39
30
3
9
74
25
72
42
72
73
66
73
66
33
74
50
41
33
41
58
37
9
25
30
25
59
75
72
53
42
38
42
55
62
56
33
72
33
55
33
67
50
68
3
4
38
54
68
19
43
75
68
48
10
32
54
43
53
19
54
58
9
52
72
67
15
4
52
4
50
67
58
73
52
71
72
41
32
38
56
3
53
19
9
15
47
75
59
67
68
47
66
59
41
3
62
52
59
37
10
52
49
59
52
68
30
62
53
55
67
75
47
71
3
73
15
10
4
57
47
47
48
66
59
68
33
57
15
25
32
9
68
9
32
15
66
56
38
56
41
56
43
57
24
73
68
47
68
10
3
56
68
59
58
47
75
53
19
50
4
37
62
48
4
41
38
72
55
75
38
72
59
3
42
41
54
62
54
54
55
37
72
67
57
52
10
47
43
72
58
56
53
33
72
19
3
75
42
37
9
32
41
54
3
25
15
9
38
52
3
66
72
54
42
24
47
10
67
54
37
32
32
66
25
52
74
10
56
30
37
48
4
25
58
49
74
25
42
4
57
75
24
58
67
3
30
9
10
49
25
62
43
59
55
55
73
75
30
57
42
38
50
24
33
4
67
62
62
58
66
54
43
66
66
25
68
49
73
9
43
37
75
41
4
9
3
43
33
42
32
38
4
53
57
41
68
55
59
72
62
3
49
25
52
49
54
10
38
39
68
59
54
57
49
32
56
42
74
54
37
73
47
39
52
57
38
30
68
15
10
67
49
37
68
57
4
55
9
33
49
32
48
25
59
15
67
3
55
15
48
57
42
25
54
59
41
68
58
39
19
57
55
41
67
3
39
50
38
42
47
66
43
38
9
38
32
56
41
59
67
59
10
32
4
56
38
53
24
57
62
62
53
9
30
55
48
30
48
15
48
15
4
59
59
74
71
42
33
47
54
47
37
66
25
67
41
15
43
24
75
4
53
39
39
75
9
43
42
56
38
59
57
56
57
50
75
55
9
15
4
33
71
55
25
56
50
3
10
3
42
72
74
54
39
33
67
54
42
75
48
30
68
56
52
71
25
30
43
15
57
68
47
75
25
75
32
71
38
57
41
75
41
10
75
50
52
55
9
68
72
47
33
33
24
71
73
57
24
71
33
66
48
62
43
75
52
19
62
53
48
68
37
54
19
71
55
43
47
74
67
39
55
50
39
32
32
62
33
41
39
39
73
71
72
55
68
10
54
54
59
9
30
66
38
71
49
47
30
62
41
25
50
49
38
58
73
71
33
25
58
30
47
25
56
43
67
75
15
56
74
71
10
59
42
55
53
33
33
67
49
48
57
33
72
19
9
56
19
75
24
56
48
53
50
10
4
30
41
62
72
9
74
3
42
68
49
66
49
71
52
49
52
38
62
58
53
54
49
33
66
75
10
50
56
25
71
32
25
49
62
42
53
4
37
37
71
73
19
15
49
52
58
75
49
10
67
47
24
9
49
56
55
32
19
41
57
71
30
53
32
37
55
24
55
10
59
24
66
71
72
38
30
58
62
33
38
48
33
54
52
4
67
