10
86
50.0
23
16
61
84
63
26
80
82
20
4
41
39
52
20
38
10
85
69
28
77
47
68
49
8
64
7
76
5
13
5
81
40
65
29
40
59
13
69
24
27
34
20
79
20
69
21
40
3
19
31
25
43
6
44
18
50
23
12
48
71
58
40
20
45
23
15
16
9
23
4
30
72
23
72
59
72
6
74
51
75
0
83
85
46
1
2
83
85
36
63
23
44
44
69
45
27
55
51
78
1
25
19
62
19
79
84
59
25
21
13
30
37
6
72
17
19
74
33
16
6
67
25
65
25
40
54
21
69
69
57
51
3
60
11
15
63
60
74
28
1
19
25
16
20
54
6
6
40
6
25
23
19
63
69
51
72
79
65
51
25
19
3
27
51
59
74
66
20
44
44
45
21
85
79
11
4
48
15
35
40
69
73
5
13
7
74
46
0
59
44
32
28
5
5
45
74
74
42
16
11
85
28
5
7
73
73
6
23
20
16
22
85
4
48
59
65
63
84
60
28
1
37
53
46
45
37
69
19
72
16
15
25
48
37
19
30
83
11
7
1
23
20
56
72
15
56
59
27
27
40
83
84
70
60
79
69
40
40
3
51
13
56
60
45
72
48
59
11
85
32
69
45
1
1
7
27
30
28
83
32
79
44
4
60
69
5
11
16
69
14
15
7
85
4
83
72
4
25
65
54
45
60
40
1
73
83
5
32
53
60
35
48
45
1
6
72
35
51
37
20
74
85
56
83
0
4
74
56
72
37
73
37
63
72
15
48
35
72
1
6
44
53
48
37
84
13
3
65
4
3
45
45
51
4
65
15
54
45
65
59
51
32
13
30
16
15
6
53
74
7
48
73
3
73
69
28
40
23
0
53
4
69
13
63
46
5
44
53
45
83
48
83
56
15
44
35
65
84
53
37
6
65
20
28
63
35
35
0
53
84
35
63
45
28
6
19
25
16
54
51
83
83
44
4
79
21
54
3
73
84
48
85
85
6
27
25
40
85
59
85
44
3
16
51
28
79
28
23
35
59
15
15
44
72
28
1
25
45
20
48
72
59
69
23
63
11
7
46
21
60
73
44
3
19
45
63
3
79
1
44
44
28
84
37
60
40
23
30
23
11
27
74
23
51
79
20
84
16
44
48
25
27
16
79
5
74
13
60
63
74
51
53
72
60
73
32
28
3
48
19
65
0
54
65
74
25
30
0
11
3
48
21
11
72
23
54
25
54
28
46
23
51
5
6
60
37
79
46
27
46
19
21
7
79
40
27
74
48
84
53
27
85
60
72
65
40
23
1
60
7
15
6
84
32
63
25
44
30
60
53
84
48
15
74
19
69
5
32
13
65
1
35
5
79
21
74
83
84
23
51
13
1
13
0
23
27
23
48
11
1
53
84
25
73
1
3
1
46
28
1
65
35
6
32
21
5
65
63
1
69
7
15
69
53
3
65
20
3
85
35
48
1
69
48
5
6
19
56
16
79
15
19
30
74
51
5
25
83
72
84
25
30
48
74
85
4
44
3
30
48
25
72
44
40
25
3
6
27
53
48
28
1
23
45
25
4
5
27
27
5
45
27
28
73
59
30
45
59
44
15
37
45
48
51
23
19
21
30
28
19
56
56
65
44
60
27
56
85
40
53
0
28
40
40
23
23
4
15
25
37
19
72
85
25
30
23
7
5
54
27
44
44
32
45
20
59
30
60
3
48
35
79
15
53
85
4
37
83
6
37
84
72
48
5
73
21
60
37
79
7
60
5
60
51
53
53
3
0
11
72
73
37
0
45
73
19
32
21
69
45
51
19
37
21
20
27
1
21
6
65
3
11
45
40
7
53
53
46
65
1
0
83
51
72
40
35
11
6
35
28
74
56
79
30
83
15
25
46
54
27
79
79
30
59
27
19
25
25
48
6
84
6
21
83
84
19
40
69
72
37
40
65
46
56
65
30
56
23
59
59
63
19
7
85
60
13
53
5
19
4
5
63
3
16
32
27
32
60
84
44
11
84
30
53
56
35
13
5
7
59
4
85
6
84
56
45
85
72
79
35
25
65
7
15
20
51
5
46
79
13
20
72
56
69
48
59
48
40
16
25
85
28
73
72
53
7
21
74
54
21
48
11
37
19
63
60
51
5
5
35
63
60
72
32
65
37
37
13
5
48
7
85
45
59
15
37
65
85
25
6
85
85
48
35
51
60
1
54
21
65
32
46
73
53
15
51
7
19
19
74
30
4
19
44
53
63
0
20
56
72
21
53
56
44
20
63
45
56
3
84
