10
104
50.0
92
54
73
96
35
55
62
86
93
74
89
50
21
49
31
9
99
65
7
26
59
6
52
36
71
87
84
34
35
60
98
8
76
70
86
19
46
83
81
23
4
75
32
103
64
56
28
80
7
81
20
5
7
18
1
33
97
21
58
61
88
69
56
70
90
64
77
10
50
43
3
23
68
23
66
99
56
84
38
7
14
12
7
29
90
12
19
91
56
62
21
62
5
23
40
50
84
100
23
7
85
29
99
2
83
22
45
5
16
24
75
39
20
52
36
19
73
41
84
4
69
40
0
94
41
11
81
16
84
27
50
20
42
70
36
15
62
21
64
85
7
14
30
64
82
84
63
47
80
47
12
101
95
72
41
34
83
16
80
21
88
5
17
67
41
17
15
5
64
51
102
14
79
44
48
57
29
86
34
40
29
80
50
27
53
12
23
83
42
51
32
12
72
32
13
41
4
73
83
16
51
90
42
79
73
90
41
56
86
35
27
82
4
7
90
56
41
72
20
21
83
36
34
23
79
20
41
75
64
29
78
73
50
15
80
56
35
78
75
32
42
69
56
88
72
62
51
5
70
84
16
16
62
62
14
75
69
81
5
37
19
95
21
81
7
41
82
7
16
51
27
84
20
62
32
21
50
79
70
14
12
36
34
42
15
102
2
53
72
19
29
42
20
64
5
88
56
56
42
50
90
102
2
25
12
95
86
62
69
81
88
72
12
70
83
25
64
51
21
15
34
85
72
20
83
85
86
27
90
32
82
69
102
20
72
16
4
16
17
81
84
82
42
84
64
4
80
67
83
12
36
70
19
29
2
64
86
7
35
21
82
64
25
70
70
62
56
70
99
21
75
83
81
12
99
12
72
20
25
51
69
95
41
50
21
80
41
20
47
62
80
27
99
99
102
25
15
83
12
70
64
81
47
73
25
27
95
21
20
52
12
36
42
50
78
88
41
41
29
4
22
81
42
29
16
32
5
62
88
67
85
25
29
70
53
50
90
15
35
47
23
84
88
99
32
42
83
23
16
29
2
29
73
47
34
69
64
36
82
22
36
53
53
23
15
82
95
84
67
99
85
73
70
17
62
15
20
7
75
14
47
22
47
75
35
35
34
27
19
53
99
5
27
40
80
86
75
12
2
88
32
102
15
2
102
90
102
27
35
29
90
88
52
21
42
67
79
32
62
81
4
15
23
82
64
95
99
19
21
86
73
51
23
83
29
42
99
52
78
27
84
12
2
27
86
42
20
20
80
19
79
80
19
21
82
102
14
19
7
14
50
86
52
14
72
20
88
22
53
102
2
41
102
75
80
84
35
19
51
12
83
40
47
85
67
22
67
64
5
12
62
27
14
20
5
12
16
78
41
19
72
12
12
7
51
4
83
90
86
27
41
36
19
4
70
73
75
99
34
81
73
102
83
41
64
86
7
47
51
5
52
21
84
67
20
95
20
51
32
12
99
83
78
19
21
79
75
67
78
79
53
12
15
2
12
72
7
69
14
5
7
34
72
17
69
67
70
50
88
53
78
75
90
47
53
84
7
16
12
53
102
41
85
90
41
78
84
35
15
34
78
81
62
67
32
72
12
41
70
56
16
29
70
23
14
17
35
78
4
78
70
27
95
70
35
51
64
79
84
34
67
27
88
64
19
27
15
83
27
88
80
83
84
99
5
95
4
53
90
19
29
75
79
62
75
23
32
85
85
56
81
86
27
78
20
80
21
5
19
7
79
23
52
79
23
2
34
82
17
16
82
70
47
70
29
64
42
75
41
20
56
17
25
53
72
82
64
78
2
73
22
81
79
25
16
62
27
21
25
78
95
67
35
27
88
17
15
32
70
67
47
35
84
75
64
51
51
75
19
84
4
36
4
25
32
51
90
2
81
67
95
12
80
21
36
35
90
90
23
86
14
53
5
23
32
15
20
19
36
41
56
80
42
83
67
84
67
81
82
5
80
12
53
84
14
84
41
62
90
72
32
83
86
52
80
56
42
4
32
81
79
52
7
12
17
82
22
15
15
56
36
78
14
69
29
4
86
35
47
99
47
21
95
51
20
80
52
7
22
42
78
42
102
36
70
2
90
47
2
15
95
67
20
15
69
83
84
12
32
81
53
81
78
81
20
36
72
85
17
22
75
41
7
78
78
20
36
32
85
80
42
5
16
4
17
7
34
73
51
64
20
95
4
102
15
72
69
47
90
32
56
19
41
88
25
90
73
86
4
72
32
42
99
99
72
15
47
62
84
19
22
62
12
36
95
50
40
82
42
78
