10
21
50.0
8
6
18
7
13
20
13
15
0
12
4
8
2
1
14
17
5
19
9
18
8
19
16
17
1
1
10
11
13
0
5
7
7
19
3
1
7
7
0
0
7
18
17
18
1
13
0
7
18
1
20
8
0
8
5
8
3
7
20
13
17
3
5
1
8
17
5
18
7
1
0
13
13
18
20
3
1
18
3
5
19
20
5
7
1
5
17
8
5
18
19
7
20
20
3
19
8
3
3
0
18
19
13
13
18
18
0
18
8
8
3
17
8
5
5
0
3
19
18
13
3
13
1
1
20
0
19
20
19
8
20
19
1
1
7
7
19
7
18
8
13
8
7
20
0
13
20
8
5
18
7
7
8
3
19
20
3
19
19
19
19
5
8
19
20
13
13
8
0
18
17
19
19
19
18
20
8
1
7
0
0
1
5
5
0
1
13
7
13
18
5
7
7
1
8
18
18
7
8
7
17
1
7
7
8
20
13
1
8
5
7
18
8
5
1
0
8
3
19
13
1
13
19
18
20
3
3
8
3
3
7
20
5
19
19
5
5
1
7
7
1
20
1
8
7
19
3
5
20
20
20
18
17
7
20
20
20
18
1
5
18
20
18
20
18
13
5
20
0
1
3
5
0
7
0
0
13
17
3
3
1
18
5
20
7
7
3
5
19
13
17
5
20
5
8
17
8
20
13
3
0
19
3
5
20
17
3
3
19
18
18
0
1
20
13
0
19
5
13
0
8
1
0
7
17
17
0
8
18
13
3
20
1
0
19
7
3
17
3
8
17
1
7
5
20
0
13
3
1
7
19
7
1
17
13
7
3
0
1
8
7
7
0
7
20
18
0
7
0
20
19
19
13
3
3
20
5
7
20
5
1
7
3
17
19
13
1
7
3
8
3
17
8
13
18
8
19
1
13
19
17
7
3
13
19
19
5
8
0
3
5
13
20
7
0
17
7
1
5
18
0
18
7
20
8
3
20
7
13
5
0
3
20
3
5
19
0
17
5
17
20
13
0
3
7
5
17
19
8
17
8
1
3
20
1
5
18
19
18
19
17
20
13
19
8
8
7
5
19
7
19
8
7
18
17
18
5
5
3
18
5
20
3
1
17
7
5
20
7
8
13
7
18
0
19
19
5
1
7
7
7
7
1
7
5
13
1
20
17
1
18
1
20
8
19
3
8
7
13
13
13
20
20
3
20
18
7
0
8
19
3
17
3
5
20
20
1
1
0
8
20
0
3
0
0
13
5
13
0
3
1
19
1
7
0
7
0
7
1
13
17
20
13
3
3
17
13
3
5
8
3
1
19
8
5
7
13
18
1
0
0
18
0
18
8
18
0
7
3
20
13
3
7
18
19
13
7
3
17
1
8
17
5
0
13
8
13
1
19
17
13
5
7
17
1
19
5
1
13
13
5
18
3
18
20
1
17
7
8
19
1
20
3
19
0
18
5
1
7
19
1
0
0
7
7
7
20
13
5
17
20
3
18
20
17
19
20
13
0
3
1
8
5
0
17
18
13
7
0
19
1
18
18
1
3
18
20
8
7
5
19
8
7
8
5
7
20
3
20
1
8
18
17
19
20
3
1
1
1
13
13
17
1
20
3
13
18
5
8
18
5
19
1
18
18
1
7
5
20
1
7
3
20
13
13
20
18
18
1
17
19
19
18
18
7
1
3
17
7
20
20
5
0
7
1
8
0
5
7
13
5
0
8
17
18
5
20
7
17
1
3
5
19
0
19
8
17
1
5
0
13
7
0
7
19
5
19
1
8
19
20
13
3
18
7
20
17
19
7
1
1
1
1
1
13
3
8
5
19
17
13
8
8
5
5
3
3
13
8
3
17
1
8
1
13
1
18
3
19
17
13
1
18
7
20
1
13
0
1
19
18
20
19
8
1
0
17
0
3
8
5
3
3
5
17
1
18
13
0
1
18
7
17
19
17
3
13
3
18
17
17
17
20
17
3
3
20
1
19
17
20
1
13
0
19
8
17
5
17
17
19
18
13
3
7
20
20
19
8
1
13
8
8
20
3
18
3
20
1
20
20
7
1
17
8
18
8
20
19
1
13
0
13
7
5
20
17
3
18
3
20
17
1
19
5
5
18
18
13
1
13
18
1
5
8
1
8
18
20
17
19
18
18
17
1
18
17
7
7
1
0
19
1
8
1
17
19
7
13
17
13
1
0
18
3
1
5
19
18
20
20
20
20
3
20
17
1
1
1
7
8
3
19
20
17
0
17
1
19
0
3
1
13
7
13
20
19
1
13
0
