10
106
50.0
79
46
12
101
91
89
50
2
55
99
80
18
11
58
45
102
92
103
20
10
26
97
26
4
30
105
81
31
47
72
29
32
102
65
90
40
76
61
1
68
57
52
64
69
36
23
41
51
98
65
59
69
6
17
16
91
93
49
42
70
60
12
7
44
42
59
53
11
98
55
22
77
66
64
23
24
75
67
55
29
71
69
21
24
16
49
68
42
71
27
3
8
103
104
12
101
5
39
63
95
62
69
82
94
11
51
42
50
50
85
100
57
11
6
91
74
71
81
38
64
37
102
28
54
68
86
54
78
35
59
92
39
84
94
69
54
49
91
73
50
51
33
23
65
60
91
22
103
56
51
101
52
103
19
35
0
96
14
101
34
98
0
55
15
52
6
74
15
91
25
85
96
65
94
9
55
23
88
82
65
87
22
95
96
92
43
6
51
98
96
52
94
48
60
64
68
13
82
11
71
63
69
65
83
101
65
71
69
19
42
14
11
68
23
71
60
23
81
95
50
22
52
35
102
25
19
85
0
35
51
69
64
91
65
78
101
16
57
95
14
22
94
25
96
92
14
59
50
29
94
60
55
26
26
102
11
60
16
102
78
92
96
26
96
95
19
73
94
91
54
95
96
74
65
6
85
25
54
82
65
87
102
59
64
59
102
63
71
71
50
22
95
49
10
103
54
71
64
55
68
98
68
42
12
55
25
12
54
81
6
74
33
22
29
69
102
57
96
85
102
85
69
26
94
6
60
15
33
50
33
74
56
91
22
6
74
59
22
92
87
92
60
68
48
73
78
10
54
73
51
85
96
26
54
60
103
25
22
65
68
6
68
73
56
39
55
24
94
56
10
71
48
74
82
35
78
71
59
56
96
39
22
51
11
82
11
26
71
24
50
71
101
0
63
42
74
73
74
87
95
98
56
85
101
49
16
15
82
16
102
48
91
15
91
6
98
6
35
68
92
64
63
50
98
96
101
65
63
53
49
48
82
95
11
92
15
26
59
64
56
50
49
65
25
57
15
74
29
64
53
85
81
16
55
82
94
94
55
52
60
60
22
16
55
64
91
29
101
39
50
52
53
23
25
64
94
91
102
42
96
23
33
68
26
91
23
65
87
94
91
6
87
24
11
16
87
50
39
16
24
19
52
10
63
26
23
60
33
33
85
48
96
82
59
50
23
59
48
101
29
95
98
25
23
103
57
95
0
12
65
59
35
26
16
85
24
48
59
52
11
68
10
23
50
29
11
16
63
29
22
53
15
39
24
101
102
82
71
49
81
71
73
92
64
19
23
78
51
92
51
16
95
85
55
59
49
73
25
10
50
94
85
68
81
56
94
69
102
12
55
23
91
63
56
78
60
71
49
50
57
102
15
81
25
16
12
35
91
71
51
26
68
56
51
35
14
98
101
101
95
23
53
85
35
48
39
92
57
15
25
54
103
33
63
78
95
42
54
54
6
25
19
33
48
29
69
39
39
57
102
60
52
0
98
35
42
101
11
95
52
10
56
39
12
52
71
96
85
16
42
73
25
96
35
78
65
42
11
74
87
22
78
39
73
10
0
68
54
60
50
55
15
59
42
51
82
19
60
6
15
33
71
29
57
57
81
94
65
6
29
6
26
0
12
49
29
92
68
68
102
102
87
10
95
102
96
73
82
87
81
52
19
102
42
56
92
95
94
98
57
102
39
48
96
91
103
64
81
42
42
103
64
63
50
15
71
42
57
49
65
63
91
29
53
85
51
59
6
57
101
98
68
33
57
12
50
78
101
74
25
59
49
39
54
48
82
81
33
12
94
95
23
103
54
39
57
63
10
29
63
19
42
42
0
56
87
0
26
25
92
25
103
65
82
52
103
19
12
57
85
42
0
71
6
64
98
73
35
22
94
98
92
95
24
39
69
60
22
25
63
68
95
78
50
56
15
68
91
19
94
22
68
52
52
68
39
39
101
6
68
11
12
96
0
54
85
10
63
12
95
101
85
60
59
60
55
48
19
29
92
87
87
56
42
35
23
74
29
12
95
48
15
57
69
95
26
94
53
98
55
39
71
53
29
12
64
0
73
25
94
63
56
23
50
73
53
69
23
85
91
12
53
25
57
81
98
14
54
98
74
0
12
65
96
63
60
52
91
96
49
33
74
85
6
96
33
0
39
33
33
95
81
95
29
10
51
10
6
54
39
85
57
60
52
94
54
91
81
102
42
85
26
74
42
94
53
19
6
78
50
56
11
10
95
92
14
10
102
54
29
73
52
96
69
68
94
19
53
87
65
