10
38
50.0
15
32
31
5
4
18
0
5
31
23
14
2
7
11
12
3
1
28
37
31
5
33
25
10
13
3
8
16
8
16
10
16
23
31
3
20
16
8
29
24
36
5
10
17
10
3
10
13
7
7
6
28
26
21
5
23
23
28
9
3
35
1
1
12
23
35
14
8
13
28
30
1
7
3
10
31
14
13
10
27
34
31
34
19
24
12
7
14
16
28
29
1
23
5
1
34
28
16
14
28
8
13
13
8
14
35
7
3
34
23
7
34
12
29
22
16
24
10
24
1
1
26
26
8
7
16
13
8
8
29
35
31
7
29
7
7
3
16
7
16
35
7
16
3
16
24
1
10
3
35
24
8
16
23
16
10
28
14
1
24
14
1
23
14
29
10
27
10
5
26
31
10
34
8
16
10
7
12
28
7
31
34
34
26
29
27
7
3
35
24
26
10
10
10
1
23
10
23
24
24
7
34
3
14
31
7
34
10
29
5
7
16
10
7
12
24
35
23
12
31
8
8
35
14
26
16
12
5
12
13
13
8
28
24
28
10
16
27
28
24
8
5
7
5
14
31
27
16
7
23
5
8
28
7
26
14
35
10
28
14
7
12
7
10
13
5
23
13
27
8
10
1
1
3
31
14
24
1
13
14
13
7
14
14
10
12
35
16
34
13
14
13
10
16
35
7
24
28
8
3
24
10
8
23
5
10
5
28
34
29
8
34
3
28
28
31
16
10
1
31
29
8
28
24
26
34
29
3
26
10
29
12
14
26
16
35
5
27
12
10
34
29
12
5
5
23
27
34
35
35
8
26
24
14
1
10
35
27
3
12
31
5
24
23
12
34
5
31
3
16
5
1
1
10
12
13
29
14
12
8
7
5
24
12
7
12
35
29
10
1
14
24
13
28
35
26
5
28
29
10
23
31
1
34
5
8
13
34
31
24
12
24
27
12
35
26
27
28
1
31
26
23
8
3
1
23
1
35
34
14
1
31
12
34
3
27
12
23
28
16
16
5
12
14
5
10
34
16
8
24
1
35
5
7
34
34
13
29
28
12
3
1
7
35
31
12
7
14
3
10
26
29
31
28
35
35
12
23
27
16
1
34
28
26
5
27
16
28
14
14
26
16
1
8
8
29
23
5
16
13
3
12
3
26
12
23
3
3
12
10
24
27
34
5
16
27
7
34
29
8
23
16
12
24
8
10
8
23
13
23
24
16
8
23
29
16
1
26
29
27
23
24
23
28
10
34
12
24
34
10
14
24
3
26
13
5
27
34
26
29
3
8
34
24
26
31
34
12
34
13
26
13
35
16
10
34
31
23
12
14
1
3
29
16
13
10
23
8
35
35
31
8
8
8
1
13
26
27
27
10
34
13
3
31
12
13
29
8
34
13
7
31
12
24
35
28
29
1
28
10
27
8
35
26
10
14
28
35
14
26
29
13
34
23
12
8
13
7
1
24
35
10
29
24
27
13
26
16
27
3
16
3
12
27
12
1
10
29
3
29
35
5
10
27
14
14
10
23
8
27
31
13
26
1
27
24
26
5
26
23
34
26
29
34
34
28
14
1
28
16
8
31
23
35
14
13
5
35
14
8
29
27
23
16
29
31
35
12
35
1
28
3
5
23
5
10
14
12
29
35
12
10
7
26
27
1
29
28
31
34
14
35
5
5
13
31
23
1
29
13
29
10
27
35
5
27
31
28
1
24
34
10
26
26
26
31
27
24
26
34
1
16
1
8
5
7
8
34
31
34
35
8
5
12
5
28
27
35
29
29
3
29
10
3
23
10
13
34
24
8
10
7
29
10
10
26
8
31
10
10
34
16
1
13
5
5
16
5
3
26
1
24
27
26
16
35
13
7
24
14
23
24
3
5
12
3
12
13
13
35
10
16
14
27
3
14
24
5
5
26
12
5
14
35
14
31
10
8
16
35
31
16
28
23
34
29
13
10
12
3
10
8
23
7
27
8
10
35
31
27
26
28
31
16
13
35
12
8
27
26
31
16
5
31
3
10
12
5
5
31
29
26
14
16
27
28
34
3
34
1
13
34
27
13
5
14
10
10
3
8
13
31
34
26
7
1
12
35
23
34
14
29
8
5
34
12
12
5
35
3
27
14
24
34
10
14
7
16
16
26
24
1
12
8
5
13
24
27
26
31
3
8
35
10
34
1
23
8
12
34
1
5
28
12
27
26
16
34
10
14
12
3
35
34
8
1
31
31
26
16
14
10
3
27
12
31
26
13
24
1
26
16
34
7
28
14
14
23
8
5
