10
108
50.0
82
49
11
45
78
18
88
81
91
103
96
28
104
19
55
41
59
84
105
53
7
95
32
5
107
41
15
60
0
57
39
34
76
82
18
38
3
68
20
13
77
63
35
61
44
23
85
95
70
12
106
87
15
69
79
101
35
37
5
51
65
100
97
22
23
30
18
37
50
51
10
86
92
4
47
90
73
2
5
59
9
8
56
66
15
29
92
64
5
17
9
9
4
33
35
5
63
60
106
25
48
40
18
40
82
94
14
99
60
38
4
25
98
22
52
63
27
18
100
87
26
35
50
82
20
39
46
82
41
14
14
93
40
1
35
9
37
45
66
23
23
5
17
87
23
63
83
80
39
71
67
62
57
38
24
39
41
15
44
39
44
56
14
56
37
89
20
17
51
14
59
106
2
89
18
100
2
14
89
4
95
58
39
89
63
5
92
99
102
70
59
75
18
37
67
42
92
6
15
87
17
38
89
82
63
66
42
17
60
36
57
92
5
63
9
16
100
66
40
36
86
100
35
37
20
87
50
5
56
63
99
62
25
20
95
22
100
6
42
5
38
98
98
86
92
74
21
98
45
14
60
38
18
56
52
21
62
63
95
52
60
14
72
51
54
22
72
6
1
4
40
101
64
31
18
41
36
89
20
86
87
9
36
42
100
18
50
101
82
72
45
14
23
64
62
5
57
9
18
39
72
4
6
101
64
98
25
98
51
20
36
92
98
99
101
45
101
64
20
83
63
62
100
87
20
2
5
60
100
66
43
50
40
67
37
72
32
4
52
87
39
82
83
32
44
70
22
64
60
95
20
95
37
60
44
95
57
64
52
41
20
36
25
66
42
72
23
35
44
59
50
95
95
45
9
5
36
20
56
16
32
21
70
6
9
21
9
44
75
2
92
106
6
40
86
4
16
37
42
23
20
86
92
17
36
87
21
23
101
22
82
42
35
45
1
4
6
64
66
92
25
42
100
15
101
66
83
14
98
51
82
41
5
45
39
44
60
42
106
99
18
70
37
75
70
41
1
86
4
87
41
100
36
1
64
37
17
41
39
52
1
15
106
32
15
99
62
20
62
4
98
60
98
41
17
6
36
87
36
41
38
106
87
44
64
9
98
4
20
22
95
32
72
99
40
42
82
25
100
50
66
16
57
17
42
21
2
9
106
56
15
22
50
57
37
51
57
50
63
72
62
44
83
89
21
59
95
89
92
14
92
62
25
15
92
23
99
67
41
62
9
92
15
83
23
89
42
87
63
1
21
51
14
32
41
5
37
87
83
87
32
72
87
17
50
89
87
36
41
45
100
83
83
1
106
35
106
51
9
87
6
59
52
18
70
67
22
59
50
87
52
32
106
56
70
39
99
25
42
1
32
52
50
75
25
22
100
92
5
39
25
6
75
15
101
87
23
41
66
64
100
17
98
101
62
52
98
67
42
70
89
64
86
60
5
6
51
83
106
72
5
21
18
15
39
106
39
41
62
87
6
86
89
16
83
15
40
83
6
9
1
99
75
83
82
50
70
5
44
86
17
87
89
57
72
59
42
37
39
39
9
66
63
36
66
4
16
106
63
5
64
35
51
50
60
39
20
18
64
39
59
92
4
66
62
20
16
59
5
45
14
44
64
67
2
87
44
95
62
42
35
62
41
25
1
9
95
17
16
15
51
6
41
59
60
56
37
39
64
21
14
22
38
15
9
92
57
51
86
66
6
1
75
63
72
36
15
60
1
72
87
2
59
87
56
50
57
86
83
51
52
36
17
14
51
40
62
98
4
23
38
2
82
45
18
100
39
41
36
44
40
92
22
57
75
99
15
16
52
64
20
50
25
22
66
52
14
22
1
2
9
92
21
41
64
2
35
70
106
82
89
2
44
1
59
67
20
45
41
41
59
92
75
15
92
89
52
92
20
40
18
50
44
99
2
4
64
39
41
82
23
92
39
23
42
70
62
57
36
1
16
66
1
17
62
72
100
25
57
70
101
45
15
64
35
72
63
82
50
40
60
50
64
82
17
72
51
57
21
5
2
50
56
40
42
41
83
89
70
23
52
1
56
20
37
9
14
41
4
45
32
42
72
2
37
14
86
62
1
89
95
37
64
41
95
83
87
99
32
18
45
40
25
62
83
98
63
67
98
1
56
2
86
20
92
15
32
89
21
35
37
106
22
38
67
9
57
70
89
18
38
2
50
87
41
72
56
101
62
86
98
67
16
40
51
62
45
100
98
95
101
35
62
59
1
86
87
83
62
40
15
106
21
32
106
14
87
14
32
70
