10
107
50.0
20
30
39
38
34
9
80
3
79
29
63
65
93
48
30
97
105
94
17
51
39
81
19
47
21
1
36
91
21
24
79
81
45
54
35
0
41
19
13
15
46
106
32
60
1
82
31
37
68
73
22
100
50
21
1
101
37
57
61
96
99
11
84
52
30
4
73
34
45
92
62
0
95
34
49
16
30
91
27
62
84
55
67
81
37
104
87
37
43
28
2
89
86
103
4
24
62
81
82
26
19
39
34
43
78
95
18
72
31
16
82
7
36
16
71
42
7
31
21
58
18
23
69
75
100
6
74
75
20
85
39
45
79
62
37
1
79
95
25
43
102
7
77
83
44
38
53
19
30
104
34
13
62
4
74
104
7
95
83
66
53
32
24
96
21
8
90
24
5
100
21
7
5
83
5
19
19
24
53
43
30
90
53
1
45
39
31
56
31
24
45
62
43
18
75
77
83
74
30
23
40
39
20
43
91
67
31
2
77
50
73
5
23
74
75
21
31
78
44
77
82
74
10
50
59
67
25
95
75
67
106
53
77
23
53
31
76
92
62
33
34
100
12
106
77
106
43
38
64
13
77
24
38
70
73
106
5
43
84
45
88
20
23
18
36
91
58
92
7
67
32
83
90
58
45
20
96
82
16
50
2
44
79
78
36
5
23
34
34
67
91
0
92
33
43
84
82
100
90
59
104
2
95
50
0
24
53
1
98
67
50
32
83
5
92
19
30
84
73
10
18
91
104
21
67
23
30
45
82
31
53
33
73
39
90
24
7
82
25
19
18
62
24
90
43
81
23
83
50
39
58
90
79
81
82
30
84
4
25
23
24
25
75
78
2
45
77
37
75
77
77
18
67
90
78
59
25
104
45
21
18
81
20
39
77
106
31
37
88
34
4
106
25
2
95
100
7
84
50
23
25
84
44
82
2
1
19
73
38
104
77
18
75
83
78
39
91
33
16
14
0
50
74
25
14
37
21
30
32
14
79
23
95
88
14
78
1
96
59
81
14
19
20
95
43
20
38
88
73
19
10
100
43
24
81
73
104
92
104
62
91
24
31
50
82
104
30
58
18
92
0
59
75
67
82
95
37
83
18
77
18
34
33
31
53
50
45
43
44
84
77
96
0
23
78
5
82
58
33
73
19
77
20
5
5
23
31
23
81
92
38
37
58
34
34
67
21
82
5
62
79
2
19
37
5
90
88
19
5
62
38
81
33
59
81
62
74
74
32
78
53
53
88
88
106
2
31
16
43
16
96
43
21
78
5
19
92
13
34
23
77
10
88
59
7
90
78
1
5
92
104
7
16
2
74
25
104
91
2
39
34
78
44
0
50
78
50
62
5
10
21
67
1
18
18
88
88
106
96
77
88
96
95
39
67
45
84
88
24
81
25
59
82
84
73
106
19
34
4
88
83
16
31
78
5
74
37
31
33
16
38
2
18
82
62
5
53
83
32
20
16
90
100
4
88
78
90
75
106
73
34
43
34
25
100
21
100
10
50
104
58
13
19
45
24
30
10
32
95
79
2
39
39
38
53
34
4
32
58
92
0
50
96
30
62
106
45
25
82
38
90
100
18
92
32
2
34
20
19
43
31
44
82
50
21
32
43
44
53
18
74
104
16
38
0
25
43
100
84
1
88
19
21
30
25
21
20
18
78
24
78
4
77
106
7
5
95
84
14
100
45
91
77
16
18
91
45
18
84
92
18
4
18
90
106
91
2
36
37
24
58
82
0
73
19
37
83
74
92
100
2
39
36
62
32
90
45
36
77
10
88
7
91
90
59
19
34
33
20
34
45
34
88
33
10
10
19
53
58
91
84
44
58
90
81
37
4
92
30
32
74
62
96
0
84
24
10
44
25
91
91
20
13
84
38
21
90
67
31
88
21
7
43
81
79
90
37
77
32
14
19
23
13
25
4
24
36
82
31
37
36
96
24
75
38
45
7
45
96
81
10
90
58
31
2
25
50
21
45
23
20
84
34
13
44
1
82
88
92
96
14
95
84
33
81
5
32
34
53
34
13
73
91
21
25
59
24
5
83
84
79
16
77
45
32
10
0
33
100
5
2
39
31
14
77
20
91
44
45
5
79
20
62
23
84
16
84
7
36
75
88
92
39
18
62
73
81
92
43
16
31
59
78
59
30
13
7
90
104
2
18
78
96
59
73
83
39
100
73
67
5
90
24
45
37
44
43
25
45
39
32
83
21
88
31
25
50
30
92
43
21
92
82
0
24
95
106
100
74
59
58
95
30
39
38
90
13
74
10
91
