10
56
50.0
29
4
37
26
54
14
22
53
13
16
53
23
48
24
34
6
9
0
20
7
52
35
12
42
5
3
50
31
50
52
27
35
2
33
14
51
17
44
2
41
39
28
48
14
30
49
18
12
19
46
5
30
18
49
11
39
5
10
52
48
2
47
8
25
31
35
25
38
5
1
42
19
1
5
53
49
52
31
38
27
51
43
55
27
35
19
52
1
53
42
53
12
48
40
23
14
25
31
38
45
23
49
38
14
38
52
12
21
15
52
38
49
25
18
52
2
1
39
50
51
19
49
2
41
25
27
1
12
25
35
48
38
45
36
31
30
2
38
47
5
45
20
12
14
50
32
18
45
23
18
25
18
49
45
39
25
25
2
52
41
18
5
50
38
39
50
2
30
39
35
50
18
53
19
32
50
19
36
20
36
36
49
45
45
2
25
27
1
32
50
20
39
53
50
20
47
19
35
1
32
52
41
47
2
31
12
51
49
50
49
19
45
42
36
30
51
52
1
18
47
19
49
50
38
35
18
27
5
27
31
14
20
30
41
20
12
45
31
14
31
35
25
12
5
12
47
18
39
39
1
30
49
12
42
36
42
31
25
52
23
36
50
30
20
49
31
41
47
53
19
30
2
51
19
14
38
50
42
18
5
2
38
30
27
1
50
32
20
38
32
52
19
23
50
12
31
53
35
41
49
12
39
35
47
45
30
19
53
35
14
36
52
19
52
48
5
52
48
51
38
36
27
49
41
50
18
38
20
32
32
38
35
39
38
39
18
53
12
32
49
35
19
51
50
51
19
14
25
35
1
5
12
1
45
23
53
14
30
20
18
2
5
30
52
48
20
48
25
20
19
49
31
38
31
47
27
31
39
19
51
39
5
25
51
35
42
25
23
35
53
23
50
25
36
25
41
31
25
18
20
35
39
53
27
18
12
35
51
50
23
41
18
48
39
32
31
39
50
42
2
36
45
31
19
41
47
45
41
30
39
19
53
47
41
1
35
38
39
18
51
30
53
31
12
49
38
45
20
36
27
20
12
36
5
50
18
18
41
19
2
32
42
47
32
48
41
51
51
48
42
49
27
31
42
51
53
39
18
27
51
47
25
45
49
19
31
45
36
27
51
32
2
32
48
42
36
50
14
50
19
2
38
19
35
19
19
20
39
53
19
47
39
19
36
41
2
36
18
51
23
45
18
19
48
39
2
45
48
12
2
19
50
32
32
32
51
32
32
12
39
49
52
41
1
53
53
41
42
30
41
39
23
53
48
2
49
36
39
35
49
36
31
23
31
51
52
52
19
41
19
23
35
39
32
49
49
39
2
39
36
41
20
51
31
19
5
39
19
20
53
2
35
20
53
53
31
30
25
41
49
39
51
53
36
45
39
35
18
20
5
49
38
48
30
41
35
45
50
49
5
31
18
32
41
47
25
2
52
52
30
27
47
19
38
23
47
5
1
35
35
47
27
18
18
47
2
50
31
2
30
38
31
23
32
47
39
5
42
25
47
20
5
2
19
38
35
32
32
27
45
23
51
32
50
48
47
32
41
25
48
38
38
41
50
38
50
27
42
14
36
53
25
52
1
53
45
39
39
2
38
41
20
18
53
20
18
32
51
47
42
30
49
23
12
1
19
35
53
49
1
20
30
45
48
36
2
23
1
53
41
41
5
2
14
50
48
41
12
18
38
18
53
47
31
35
23
52
53
52
45
50
12
32
5
30
5
52
23
51
12
18
19
27
47
32
20
14
53
12
38
1
23
53
2
45
47
38
32
41
5
39
23
25
48
23
36
49
41
12
36
47
30
30
39
23
32
12
1
20
45
25
49
25
39
5
23
52
25
32
39
52
1
19
42
25
32
1
35
48
47
1
36
48
50
39
41
27
31
38
27
14
51
30
51
18
41
53
49
38
42
36
5
27
45
42
51
23
39
36
39
18
47
25
51
41
2
1
41
18
23
31
18
19
20
27
47
2
2
35
5
47
38
39
36
48
12
14
48
36
50
45
2
50
35
36
32
31
42
14
32
47
30
2
27
14
14
1
38
51
20
5
18
12
2
49
14
5
12
36
25
12
42
14
47
14
32
47
42
5
42
20
1
18
50
41
19
53
48
51
1
49
27
19
50
20
35
25
42
47
27
35
20
2
14
12
23
47
41
50
30
1
1
27
38
50
32
27
49
19
30
35
49
32
42
49
53
38
45
45
31
51
36
52
49
20
18
51
27
39
19
12
45
39
52
18
12
23
45
39
23
52
53
31
36
5
1
35
47
5
25
