10
45
50.0
19
37
24
12
4
3
34
8
41
27
14
8
8
9
8
18
32
38
39
31
29
44
37
20
35
0
33
40
22
30
23
4
13
21
13
5
2
28
12
23
3
2
17
3
25
32
12
2
2
11
22
26
23
32
16
23
25
10
26
15
0
31
13
9
4
12
9
12
6
8
22
43
1
42
31
42
9
8
25
13
22
35
37
0
0
42
9
0
25
7
0
4
43
26
4
12
2
32
43
13
13
23
42
12
22
33
43
21
37
17
13
43
2
9
23
8
8
31
9
12
32
9
32
3
0
42
26
33
36
35
43
22
4
12
42
21
43
12
26
33
31
17
1
25
25
37
8
22
42
9
25
17
2
3
32
13
23
33
2
2
23
0
42
21
35
31
33
42
12
37
1
37
0
9
23
17
4
1
37
4
22
32
23
2
21
26
21
1
8
17
31
9
32
2
43
36
9
42
43
8
36
9
42
21
8
33
31
3
37
0
31
3
31
35
31
25
2
12
32
3
37
0
33
0
35
22
43
21
4
2
37
22
13
1
0
42
2
13
4
43
35
3
43
3
0
37
23
3
26
2
42
22
17
1
8
13
4
31
26
36
33
26
2
26
0
8
22
13
9
37
4
9
26
23
12
37
23
13
4
33
42
8
2
33
26
4
35
21
17
3
31
12
12
23
1
26
43
8
21
1
33
9
23
31
43
26
26
2
25
36
42
35
9
0
8
22
17
3
17
4
26
25
35
2
36
36
13
42
36
1
26
26
33
26
12
4
43
12
35
4
9
31
25
8
12
26
43
37
31
17
35
33
31
25
22
3
25
1
31
36
12
9
35
12
1
31
0
9
32
37
36
32
17
36
26
3
37
3
4
21
35
36
25
12
43
26
13
36
26
37
13
22
13
4
22
31
13
42
3
26
33
23
2
4
8
33
26
25
17
4
36
13
25
1
0
23
33
37
4
37
43
2
22
43
12
31
3
12
17
1
26
37
8
23
25
9
37
1
23
12
23
0
43
23
17
37
1
23
4
26
1
1
12
32
8
4
1
26
3
37
8
35
17
2
25
17
22
0
26
4
2
33
12
9
0
21
8
36
32
32
33
12
4
33
17
37
0
21
33
13
26
32
8
0
8
13
12
25
9
12
13
1
2
17
26
23
42
1
2
17
2
23
32
37
42
1
4
4
42
0
17
1
37
42
25
31
8
0
1
43
3
21
21
3
0
31
43
22
36
0
2
4
4
42
17
22
33
0
43
3
1
26
37
32
4
3
3
37
21
1
12
13
13
42
33
0
42
32
23
35
4
12
33
36
2
9
0
42
2
36
23
37
26
1
1
43
1
32
17
8
0
4
22
36
26
12
0
42
3
4
3
8
3
21
13
12
32
13
0
21
17
2
35
32
12
22
3
32
0
21
42
22
35
17
35
31
31
25
17
37
36
23
17
0
1
36
4
25
26
35
31
2
33
17
25
23
22
42
33
0
21
21
26
22
1
43
35
17
0
22
22
33
13
9
37
1
31
26
23
4
31
3
13
42
36
0
37
37
32
37
1
31
26
36
0
37
26
8
12
13
22
33
25
37
13
35
31
26
23
37
9
22
4
32
0
23
0
21
32
12
2
43
4
9
12
13
0
33
42
17
12
37
2
22
1
26
31
0
2
8
8
4
3
42
25
36
42
35
12
35
17
1
23
0
43
23
37
8
22
37
22
0
23
37
23
21
26
3
1
9
13
9
23
9
23
9
31
25
25
9
22
9
3
36
31
1
25
3
25
2
31
36
23
42
8
8
42
23
13
0
12
0
23
23
31
36
12
3
3
26
36
3
9
13
9
31
42
25
26
33
31
42
43
37
1
33
21
0
33
21
9
17
0
35
36
8
33
23
17
0
0
13
32
12
32
35
0
22
22
0
31
26
31
0
2
25
43
4
9
25
2
1
4
2
25
32
33
13
33
43
42
4
33
0
13
25
37
32
9
22
26
8
21
33
4
42
9
35
26
12
31
23
21
36
33
2
17
2
42
37
0
0
25
33
33
26
2
0
25
31
42
4
26
33
36
21
42
1
33
26
35
22
17
35
26
13
21
2
43
4
0
26
32
31
13
1
32
1
31
22
13
37
12
23
9
8
13
12
17
25
33
8
21
21
23
2
36
23
2
31
8
25
0
26
8
35
33
23
31
12
21
8
31
37
2
9
17
0
1
0
23
26
32
26
25
22
36
3
2
8
2
37
4
1
42
8
9
26
36
9
13
2
13
26
43
32
1
17
3
31
