10
68
50.0
43
67
16
25
10
11
17
63
65
13
25
56
22
41
43
0
46
18
35
5
54
53
18
8
7
30
6
14
41
21
55
64
61
25
36
2
9
39
24
20
64
51
12
61
58
59
53
4
27
34
57
52
14
45
19
50
60
47
64
12
29
15
10
39
57
31
44
43
27
43
20
49
18
57
10
61
26
59
8
7
57
53
3
43
40
12
28
49
62
51
44
27
28
57
62
36
66
31
14
25
6
36
20
6
37
45
6
43
32
19
28
32
14
64
61
57
51
33
43
62
1
43
36
20
32
64
44
18
53
7
23
50
59
64
8
41
25
23
18
57
31
27
48
28
41
28
39
19
57
48
41
12
39
53
23
18
64
27
27
19
49
59
39
51
8
8
36
12
31
38
62
14
53
20
44
61
61
6
32
62
57
53
12
39
25
7
53
25
28
32
64
25
24
53
39
4
6
59
32
23
41
20
62
12
51
41
6
23
49
39
7
10
14
10
19
61
43
57
45
59
43
42
32
64
14
38
31
14
31
38
32
59
64
10
53
57
62
39
14
20
28
57
32
14
39
4
18
64
48
39
48
31
62
8
12
24
32
61
61
49
41
27
53
6
20
18
59
19
19
39
27
36
43
8
61
49
38
44
45
59
51
43
8
28
59
8
8
14
7
57
41
39
45
50
39
10
45
53
50
7
24
62
43
8
20
24
50
8
43
61
14
36
25
45
7
48
20
14
24
49
50
48
25
23
19
53
25
38
28
20
45
14
64
20
19
44
32
20
20
12
44
8
24
25
4
45
14
12
50
14
41
43
6
53
31
4
18
59
41
23
8
59
18
19
24
19
14
14
59
39
6
31
19
39
12
20
19
51
4
45
50
61
32
31
38
23
4
51
27
14
36
24
48
43
53
61
61
43
49
64
19
24
19
51
6
51
57
57
61
44
57
36
49
32
45
44
31
23
8
32
51
12
14
10
6
20
23
49
24
36
14
25
27
50
18
20
7
62
61
7
6
48
59
19
8
24
12
36
23
44
44
53
45
6
31
6
41
51
38
19
62
44
64
14
19
12
23
62
7
14
59
31
61
18
24
14
23
62
59
24
10
12
61
49
23
18
18
39
8
18
39
43
62
61
4
14
57
27
49
48
53
14
7
23
31
59
38
19
14
57
41
48
48
14
4
24
25
20
48
62
10
43
14
43
23
12
45
18
62
24
59
31
6
44
14
48
45
20
24
41
49
64
41
50
44
14
51
39
64
38
61
64
4
44
61
51
38
64
27
31
59
14
32
19
44
53
36
41
43
49
10
23
6
8
49
28
39
49
64
39
7
57
19
50
32
48
64
32
41
10
53
10
31
50
24
44
8
12
32
57
20
57
41
48
27
57
50
44
31
45
50
32
23
24
36
44
14
31
19
14
57
49
41
64
4
43
43
12
39
20
44
19
4
44
32
7
57
6
49
27
19
64
64
24
39
43
10
27
20
57
6
62
39
51
18
20
19
41
6
53
61
4
45
61
24
12
18
59
43
64
50
48
62
53
50
43
18
61
28
36
28
12
53
51
53
19
64
23
27
53
20
36
36
10
18
41
10
7
18
50
10
20
23
64
7
32
43
25
43
44
18
61
7
20
57
27
10
14
51
59
20
38
39
36
36
39
6
31
61
18
48
18
8
57
48
31
20
57
43
14
27
59
61
61
64
59
44
25
62
6
49
50
39
19
4
12
53
12
27
43
61
48
24
12
7
32
39
18
28
25
6
31
59
51
7
28
45
53
61
20
8
41
43
10
18
7
36
10
10
31
24
18
45
48
4
57
25
19
49
62
32
18
64
20
44
28
36
4
51
57
38
48
4
39
38
41
44
18
39
38
43
45
45
51
45
8
19
61
20
36
59
6
51
8
19
19
23
64
8
45
31
18
28
4
8
39
12
64
39
62
53
43
43
25
45
49
41
44
61
31
12
18
64
57
53
8
36
57
61
12
32
18
6
28
8
7
38
49
24
14
27
50
50
38
7
49
36
51
25
20
14
23
24
49
20
64
12
32
8
7
36
36
43
6
41
39
24
7
49
45
32
7
27
18
39
45
14
18
43
39
19
51
48
38
48
45
53
62
41
44
49
27
49
51
57
32
12
62
18
18
19
59
62
8
7
14
53
18
20
4
36
53
62
31
43
31
48
25
51
45
57
51
38
18
61
64
44
39
28
36
53
61
62
4
14
18
19
41
12
28
38
64
64
28
39
53
4
57
50
64
10
27
51
39
50
12
38
31
64
27
