10
105
50.0
44
24
10
83
98
43
14
14
64
46
93
31
30
100
44
32
29
25
102
78
84
33
26
62
90
50
30
28
38
4
17
21
49
47
72
94
47
65
36
2
7
4
101
73
20
77
79
3
89
64
31
54
25
52
35
37
18
0
37
12
16
58
52
4
51
49
67
40
14
76
15
67
95
91
66
9
55
19
42
6
71
72
11
39
73
55
8
24
86
40
53
16
28
63
81
99
59
59
33
45
54
46
61
22
85
95
13
103
72
80
14
28
36
15
83
37
51
88
37
49
55
88
48
27
4
24
83
24
47
30
23
17
5
4
74
88
4
30
36
96
82
37
49
16
51
19
40
15
81
62
46
52
88
72
15
52
62
70
95
56
30
18
4
87
97
5
95
57
52
104
25
75
28
54
34
57
5
17
93
54
93
95
19
24
88
57
19
76
75
80
33
52
3
62
44
72
28
62
47
17
69
55
4
73
59
81
64
41
18
46
57
87
53
16
60
64
31
53
64
92
17
15
19
81
83
46
14
64
28
45
73
97
19
36
97
28
83
72
80
28
14
25
15
88
53
3
81
75
58
68
28
45
38
57
75
68
1
15
46
76
25
4
52
68
80
80
14
93
36
93
38
4
72
68
37
83
67
87
81
93
17
47
88
48
67
75
81
18
58
47
76
5
3
3
37
16
68
36
37
60
68
45
101
55
37
88
81
8
73
8
59
3
45
38
31
36
15
44
97
57
97
80
47
18
54
3
25
30
101
52
47
8
3
25
68
58
57
73
45
68
64
53
83
5
37
4
44
77
45
30
67
59
80
19
53
55
3
77
88
101
5
24
28
36
60
76
60
17
81
17
18
44
17
4
14
46
25
8
38
48
8
3
101
49
49
33
57
59
49
25
95
47
37
17
15
97
8
5
51
75
75
53
5
64
88
73
25
95
83
83
46
4
46
54
101
47
83
101
80
88
83
38
88
14
73
15
68
55
88
75
25
33
80
72
16
55
72
97
17
68
18
58
55
68
37
30
59
81
62
93
97
48
45
75
40
59
76
77
16
46
81
36
95
93
24
83
55
31
76
31
67
101
3
17
80
101
67
33
58
87
31
60
15
16
16
30
25
28
97
19
67
51
4
3
68
8
75
80
48
38
48
55
60
73
24
44
58
37
76
58
77
72
57
81
8
33
24
30
5
47
47
48
83
4
15
97
48
87
55
36
64
67
64
83
47
40
73
3
53
47
15
93
48
68
49
93
18
81
64
93
4
54
60
48
60
15
73
53
68
33
73
52
55
52
88
46
52
73
59
54
8
52
37
73
97
68
68
25
30
3
36
15
60
51
81
24
46
68
5
16
57
73
93
8
18
93
8
80
81
4
80
4
67
46
49
81
80
31
49
31
44
76
3
67
44
31
54
25
51
101
101
18
40
36
101
51
46
33
28
28
97
5
36
75
72
37
33
95
46
14
15
15
77
62
77
4
54
28
59
58
25
17
55
19
62
57
49
75
36
30
81
17
25
52
88
47
37
80
58
93
57
15
8
18
24
58
45
57
48
88
73
46
76
44
58
72
83
77
64
88
88
58
14
4
17
30
80
19
3
48
48
45
36
51
68
58
31
15
75
75
44
88
40
46
46
3
76
45
48
88
47
25
44
76
75
14
55
76
33
64
52
4
18
73
75
5
87
19
24
44
44
19
67
72
44
47
3
75
38
3
47
31
59
73
67
83
52
62
72
83
95
58
59
76
77
3
47
16
75
101
60
73
53
87
28
80
46
83
97
62
25
19
5
55
30
17
53
51
24
57
73
81
95
15
58
28
33
8
62
5
80
3
97
101
53
76
3
72
73
19
45
15
64
40
48
59
8
14
18
75
49
80
52
51
58
81
52
93
97
51
19
31
67
15
101
95
14
8
51
72
95
83
81
101
54
62
31
68
80
64
24
37
4
24
54
31
3
67
40
88
58
64
47
4
87
77
45
55
95
38
16
97
15
18
28
83
59
48
30
17
33
67
4
18
95
3
54
58
49
76
68
64
88
3
88
72
80
33
48
28
40
40
25
25
14
44
17
81
44
16
87
58
87
68
81
28
3
18
64
14
73
28
45
97
93
4
14
64
4
59
4
4
37
8
80
30
75
33
30
77
47
76
64
14
67
40
76
47
38
95
5
72
5
68
30
60
76
55
73
101
3
59
31
77
68
28
30
3
80
44
30
16
76
18
51
45
60
83
17
48
30
28
18
55
60
47
68
95
93
45
30
64
76
16
15
95
57
58
101
57
