10
79
50.0
8
45
43
52
16
58
29
15
36
49
60
6
22
6
37
72
59
12
58
55
15
25
54
70
54
59
2
20
36
10
40
64
67
50
16
33
48
24
26
67
51
3
7
25
1
1
47
7
75
66
42
35
6
74
31
46
48
78
7
40
48
13
32
14
0
48
7
23
57
68
9
71
46
44
8
9
5
0
16
36
50
17
73
7
76
74
77
3
50
65
34
8
15
17
67
56
61
34
38
28
27
11
69
56
41
8
28
3
48
8
17
58
54
18
16
62
14
39
62
36
59
42
67
15
19
18
56
48
53
59
3
42
74
68
16
62
67
67
40
56
59
73
42
14
25
15
18
60
59
41
54
0
60
63
0
49
1
40
28
53
41
53
19
0
48
3
67
60
18
18
25
40
68
63
53
49
59
19
9
60
3
68
62
36
56
36
30
40
15
53
9
39
14
34
28
4
59
73
28
17
36
34
19
8
50
36
13
21
28
14
44
0
1
53
8
6
30
3
6
62
73
13
6
28
74
50
68
9
7
15
58
1
54
49
74
28
74
18
58
56
7
48
50
14
46
59
9
1
53
56
53
3
60
9
18
67
49
7
3
39
62
41
41
42
41
58
46
56
1
63
39
49
34
9
74
41
34
9
7
41
42
68
46
60
13
48
73
63
42
17
74
62
48
39
42
60
34
19
9
0
1
19
34
58
34
41
44
68
44
8
53
73
41
73
18
62
17
8
8
3
9
16
58
17
14
13
30
40
16
1
42
25
60
36
9
16
8
13
19
17
6
25
3
54
73
60
49
63
63
63
49
18
9
44
53
60
60
54
44
56
46
53
40
49
3
67
7
39
59
18
36
3
60
56
46
7
8
8
25
3
16
6
6
49
60
19
30
17
0
25
74
68
58
67
17
67
9
30
0
25
34
42
41
62
60
6
60
39
17
73
17
50
73
8
15
39
49
15
13
54
36
8
15
18
58
44
44
18
49
39
14
60
6
50
7
7
6
30
30
36
62
16
7
34
62
34
16
8
28
59
59
1
0
53
39
50
17
25
8
36
36
16
13
0
58
50
25
46
18
19
18
42
60
16
3
13
9
16
74
7
46
40
50
42
14
28
68
39
0
62
9
62
3
39
9
44
63
9
18
36
42
73
34
60
0
34
41
42
67
25
49
50
8
56
68
68
73
1
40
14
49
68
56
13
16
41
34
36
41
42
73
59
59
30
39
17
13
18
44
62
67
68
44
6
73
18
42
67
48
3
60
49
74
44
68
6
3
59
53
39
30
3
73
58
18
6
25
17
8
53
9
16
63
63
1
60
60
53
54
60
59
50
53
15
54
58
30
17
40
6
14
0
62
16
15
68
36
6
39
16
54
15
18
54
36
41
58
28
17
49
15
3
28
30
36
18
42
58
28
46
30
6
40
54
68
67
54
50
46
28
63
73
19
56
8
50
3
50
30
58
53
68
50
14
74
40
25
14
63
8
68
39
48
58
41
58
44
56
25
67
42
39
7
54
1
8
49
6
25
8
28
50
30
39
9
56
6
16
49
67
58
62
6
68
40
39
13
30
49
59
18
28
8
3
48
73
58
46
48
36
67
36
7
46
68
44
63
19
49
67
74
48
39
28
9
49
9
28
9
0
17
8
63
58
28
18
41
44
68
48
59
58
74
50
9
53
74
9
44
59
53
67
15
73
36
14
56
49
46
7
62
50
6
49
50
14
28
17
36
8
63
53
14
63
0
42
67
19
62
53
63
62
60
46
0
17
8
13
74
59
54
6
8
13
17
74
3
42
8
39
36
46
63
30
8
50
41
56
67
8
19
7
1
1
68
3
1
36
15
28
50
41
25
46
68
13
50
73
17
62
14
16
3
7
73
25
14
17
25
41
9
25
17
28
56
36
0
49
44
60
40
42
25
63
7
14
0
34
67
49
7
50
46
67
41
17
49
14
59
19
62
14
30
7
28
34
16
18
46
60
15
46
59
53
28
18
6
44
1
36
59
34
62
9
60
50
19
49
19
44
28
74
56
18
13
53
48
18
28
67
46
39
28
53
3
53
0
39
25
62
53
36
60
14
54
74
9
6
7
3
53
15
42
44
28
63
42
1
67
7
1
59
28
13
73
17
63
63
40
19
46
15
17
49
3
15
15
18
67
19
59
53
58
8
41
3
53
60
14
59
60
28
15
74
53
30
28
56
0
1
60
25
74
39
73
50
44
30
34
19
67
17
48
3
68
39
1
18
53
36
58
19
36
36
30
73
54
63
36
62
