10
77
50.0
69
34
63
2
50
52
1
73
0
14
20
10
39
60
70
8
45
9
41
43
73
69
15
48
53
65
47
9
2
33
62
60
61
2
12
7
26
31
1
58
3
21
73
5
16
27
60
6
24
36
19
35
45
1
76
50
73
23
1
47
56
48
47
57
72
45
25
67
68
74
40
69
59
76
59
66
2
44
0
47
61
57
67
48
32
73
61
40
75
21
69
71
4
46
51
40
39
37
51
28
69
52
50
8
52
9
18
61
40
45
48
45
40
60
16
48
51
17
4
0
17
6
44
2
21
39
54
30
60
48
69
69
59
29
42
36
2
2
0
48
73
49
0
54
11
47
48
29
44
38
54
33
17
26
31
1
57
67
44
13
2
67
36
59
4
36
4
57
54
67
42
36
47
47
44
0
73
26
54
57
56
22
4
48
47
69
6
39
9
0
16
52
54
39
29
1
42
1
69
51
54
40
52
61
40
57
16
55
8
17
2
59
9
55
73
61
9
36
55
26
54
67
76
16
1
29
16
21
42
65
9
51
1
8
57
48
73
56
33
61
52
31
60
59
33
69
60
61
65
65
9
33
73
65
73
64
52
64
65
57
45
61
76
59
61
8
45
9
54
73
64
48
39
69
60
50
39
65
6
6
29
65
54
16
8
33
8
55
64
54
54
64
2
31
56
33
40
65
56
31
44
1
22
51
50
16
29
50
51
6
76
50
56
56
48
6
47
76
65
56
21
4
40
4
67
64
29
69
26
56
48
57
1
54
44
22
60
39
73
9
36
17
57
0
21
60
0
33
48
45
76
47
1
4
16
52
2
54
33
17
50
16
60
56
59
69
8
76
51
4
8
52
16
21
52
67
55
9
8
4
56
2
50
51
26
0
42
48
57
67
36
39
45
64
51
8
61
60
31
22
4
65
26
55
33
8
0
59
4
42
59
33
2
2
2
76
33
48
61
52
2
45
50
69
0
51
1
40
45
56
45
69
45
6
22
17
61
48
22
48
6
44
21
48
55
4
51
4
39
50
17
51
67
57
36
55
65
50
73
44
54
60
17
60
1
67
31
16
16
39
54
60
59
39
50
52
26
8
26
36
4
2
40
9
31
48
64
67
33
21
48
52
16
64
33
65
57
36
73
51
65
31
60
60
1
64
21
45
47
9
29
57
21
65
29
9
40
42
61
47
67
4
51
26
57
47
6
56
55
47
4
42
29
22
56
51
61
45
44
16
73
61
60
39
6
60
29
59
21
26
26
42
29
56
17
22
65
55
26
33
29
42
40
29
16
8
59
42
59
54
31
17
1
54
45
42
52
29
2
36
50
65
59
8
17
31
0
39
64
22
26
29
59
64
2
2
0
52
54
51
29
36
60
55
9
54
65
55
59
54
51
21
69
17
59
55
17
65
17
44
8
4
4
45
59
47
52
36
44
22
64
39
16
76
9
48
52
9
54
73
17
59
44
31
50
40
21
40
17
50
60
39
36
17
55
21
47
31
39
29
21
2
1
22
73
17
16
50
60
44
48
2
26
64
2
44
73
54
8
50
54
48
64
39
42
40
65
76
50
64
31
59
52
61
42
17
60
47
47
36
2
2
59
47
61
51
36
51
52
17
50
45
42
54
6
33
22
57
6
39
6
1
73
21
44
50
8
22
26
56
26
4
47
33
48
9
67
56
59
2
8
6
64
65
54
48
0
76
8
8
52
69
45
55
6
60
44
54
47
47
31
59
36
17
73
42
36
0
59
69
16
55
1
42
17
22
64
65
55
67
26
0
67
0
50
57
60
65
36
21
44
40
57
51
54
67
54
48
39
8
56
36
39
39
54
50
36
2
22
1
31
76
61
17
65
22
6
61
59
47
22
26
61
59
57
61
17
64
6
9
64
48
42
0
2
64
67
48
52
1
45
8
57
50
54
56
51
0
48
16
22
67
52
36
1
64
2
29
40
44
76
60
69
65
47
52
59
26
1
29
8
48
31
48
67
2
6
2
61
47
50
2
67
76
44
56
76
16
51
21
67
76
69
56
26
42
17
65
56
17
61
31
1
45
47
0
0
39
65
4
4
9
54
21
59
36
47
0
17
45
16
42
48
55
57
59
33
48
2
69
16
44
39
48
17
50
45
40
6
36
45
21
47
76
22
21
17
76
60
0
48
22
76
9
44
36
44
36
1
33
42
36
16
44
33
8
44
67
21
55
48
56
60
33
33
42
65
39
36
4
56
16
54
1
76
8
64
47
2
57
21
31
76
54
42
16
45
61
61
67
