10
80
50.0
38
71
5
74
20
78
34
23
18
27
44
68
4
0
57
77
47
44
42
22
42
42
73
22
62
43
55
18
72
61
15
7
49
36
69
16
32
55
69
37
76
24
17
79
23
67
48
35
39
43
26
34
31
10
40
63
0
41
43
25
49
3
16
11
70
63
51
67
53
12
60
23
64
49
17
23
70
34
33
6
19
22
60
38
0
19
65
2
62
55
17
1
21
60
19
45
17
43
69
52
8
64
18
72
30
16
55
74
69
55
19
17
38
18
60
26
63
43
18
29
34
2
29
54
19
42
43
18
38
22
27
43
2
18
43
69
74
16
46
38
2
49
66
16
73
22
60
66
13
17
0
22
4
74
61
43
73
53
13
16
9
62
76
49
60
73
64
23
56
60
75
45
72
16
16
53
53
29
16
64
58
16
60
60
73
59
64
38
21
63
72
0
17
62
42
76
38
50
70
13
55
8
63
53
38
72
14
42
26
22
27
18
58
69
45
21
13
67
27
43
50
45
26
63
2
34
45
22
50
34
22
62
8
69
17
19
59
13
58
53
27
19
66
19
49
58
43
59
74
0
23
22
53
29
44
55
23
43
13
74
38
60
76
4
74
43
8
60
13
60
59
74
17
44
69
44
27
2
76
73
60
59
34
34
4
55
53
2
61
66
63
17
74
66
69
29
63
43
27
70
64
29
72
62
18
60
62
0
22
50
61
21
76
67
58
67
18
70
0
61
69
16
45
2
29
63
16
61
45
22
4
21
16
53
62
34
43
2
55
62
59
62
27
53
49
64
4
58
61
72
21
49
69
45
4
13
44
50
21
59
2
74
53
23
58
26
50
53
16
76
72
62
50
26
61
43
13
73
64
61
0
16
60
72
58
69
0
58
55
8
13
67
70
38
2
58
62
69
64
27
69
18
60
66
50
67
44
38
74
2
63
27
44
50
49
16
53
34
13
63
74
28
21
61
13
55
2
50
27
70
58
4
62
61
38
64
42
62
60
61
59
58
8
23
34
62
0
42
62
63
34
22
67
69
34
53
19
61
45
0
16
17
67
16
58
59
16
67
22
4
64
64
4
19
13
27
62
27
58
58
13
4
53
29
4
64
72
69
18
43
18
66
4
69
8
58
60
60
60
61
60
69
73
53
49
4
13
50
49
29
2
2
70
73
27
58
50
0
62
17
76
49
66
66
16
38
58
63
42
45
58
63
19
69
69
27
17
43
76
55
21
66
22
38
19
43
29
27
44
8
61
42
42
23
76
58
26
21
16
74
26
19
23
45
38
2
53
67
13
55
17
49
23
38
55
72
64
22
18
19
18
73
53
74
8
2
73
44
13
61
74
60
43
73
13
13
8
34
2
13
55
0
76
42
13
59
0
2
13
27
76
62
49
16
23
62
70
0
61
49
44
22
2
4
0
21
18
63
60
27
55
44
18
17
13
58
16
19
58
19
29
69
16
8
26
45
22
60
62
72
53
74
76
19
27
22
72
76
76
21
58
74
27
8
18
63
17
34
67
58
26
8
23
67
26
23
72
43
27
13
59
29
27
60
38
42
53
29
38
70
76
4
45
74
17
23
45
59
34
50
34
8
64
18
69
49
74
59
29
61
76
64
8
18
64
23
42
58
62
44
19
2
0
74
45
29
62
42
70
21
50
42
38
70
70
26
61
60
29
66
4
0
59
67
69
38
44
27
18
45
44
67
42
59
60
34
17
55
29
45
19
44
73
8
34
72
27
2
29
45
29
53
55
64
63
22
62
16
63
43
74
72
44
21
21
8
69
34
58
69
44
74
73
2
58
43
17
76
67
72
61
73
73
45
23
2
55
45
66
8
34
69
27
45
34
13
8
42
74
26
70
60
73
19
70
8
44
23
27
42
62
53
29
27
19
55
64
18
72
73
13
38
22
60
55
49
23
58
22
26
53
74
27
0
45
66
63
76
73
17
69
8
8
26
2
27
43
4
66
0
29
44
63
26
72
69
49
63
73
27
17
42
34
19
58
23
13
2
45
43
34
62
50
74
72
74
55
34
74
50
43
13
0
73
27
63
62
26
0
23
44
34
62
67
38
38
8
4
21
67
19
73
72
34
18
61
66
67
43
18
2
0
73
67
19
2
58
16
53
38
67
72
72
44
74
18
38
0
4
64
43
67
74
60
27
29
17
21
55
45
27
34
34
38
43
0
29
0
44
19
2
66
69
8
17
22
13
58
60
66
27
66
4
59
8
13
34
0
45
8
13
2
34
18
69
62
67
16
21
62
