10
87
50.0
45
67
49
39
80
72
14
68
11
28
35
27
32
13
76
44
58
37
72
4
27
47
14
6
62
30
81
1
78
74
27
33
14
34
23
17
55
23
56
16
78
59
41
65
77
3
55
51
14
72
18
73
84
85
2
8
9
36
6
83
70
66
61
71
14
31
57
7
23
52
41
61
21
11
24
5
68
10
51
48
85
75
62
23
58
63
29
34
23
26
38
60
46
38
50
27
68
65
14
40
6
63
78
36
25
5
17
83
50
63
76
11
78
85
85
14
63
83
5
64
61
15
27
35
48
62
78
36
82
69
14
41
17
75
30
61
0
30
8
76
53
72
22
58
0
34
7
63
11
6
34
7
86
9
23
9
61
79
19
26
61
72
83
7
13
14
62
27
67
15
42
68
7
38
51
0
13
79
8
11
85
72
36
55
79
62
67
55
13
23
67
26
34
67
78
11
38
35
14
11
48
58
35
62
20
27
54
75
48
38
13
75
6
68
83
54
85
41
75
11
7
36
43
0
36
22
13
11
22
22
38
61
11
20
65
51
11
72
12
76
85
38
61
28
27
54
15
12
65
38
65
48
0
22
78
85
48
29
36
38
35
8
20
76
72
38
68
26
6
11
51
78
13
51
23
76
68
67
26
68
68
67
20
11
6
23
65
13
79
36
17
23
67
7
35
76
8
72
23
75
50
9
78
48
8
83
36
83
15
58
58
78
20
76
61
41
61
20
23
79
75
6
26
76
38
61
26
76
20
17
67
22
11
12
34
14
75
12
9
83
29
48
11
28
23
48
12
62
9
41
83
13
63
38
65
76
85
76
12
28
68
12
34
65
0
48
26
78
15
36
34
78
12
15
35
17
14
62
12
0
68
17
61
34
67
58
7
61
5
38
13
35
34
28
26
30
15
22
17
20
23
30
83
17
51
83
78
20
23
23
13
78
5
15
83
51
50
27
48
65
58
54
0
51
30
61
34
75
12
17
68
75
29
5
23
20
15
48
13
17
20
68
14
29
23
50
9
30
48
14
85
35
22
68
29
6
27
50
78
61
28
30
28
5
78
72
29
41
83
68
30
62
12
12
62
30
85
78
54
75
63
34
83
63
65
15
65
14
75
26
20
61
34
72
7
9
75
8
14
13
65
17
22
28
11
79
54
26
62
12
75
62
68
27
83
27
29
55
0
13
13
27
5
85
65
28
29
36
11
79
67
14
50
50
58
58
26
7
68
13
20
36
61
62
38
85
51
36
9
85
76
79
76
27
8
75
38
5
6
20
36
0
75
67
15
5
20
12
9
6
28
54
41
35
0
79
68
20
29
54
54
68
72
17
13
30
54
72
35
38
67
36
38
23
63
76
72
17
48
34
17
14
78
68
75
65
78
22
11
8
51
75
12
6
63
85
65
6
14
41
13
17
55
68
72
17
72
14
0
6
29
34
7
48
62
72
63
13
17
28
26
58
27
36
9
85
48
50
6
30
62
11
0
12
17
55
34
61
76
72
85
85
6
65
63
58
11
9
5
17
35
9
38
85
51
30
78
75
7
20
68
7
61
55
12
68
61
23
22
34
17
23
50
30
58
8
23
7
13
76
11
17
35
68
13
41
28
15
61
6
76
13
0
35
51
36
29
14
65
0
11
36
22
11
54
58
6
28
35
0
72
7
78
6
22
63
0
8
67
35
54
27
34
30
67
58
61
15
9
14
13
6
62
27
0
27
72
83
6
26
30
9
35
11
23
23
12
67
20
29
85
29
23
79
38
79
76
50
76
14
7
62
48
8
55
54
12
36
68
14
29
5
76
38
6
78
22
7
41
26
14
9
41
7
38
36
11
36
34
78
30
83
30
23
5
62
8
55
79
68
35
5
38
28
51
38
20
36
65
61
38
11
29
9
26
85
55
58
54
63
12
75
13
48
30
68
0
38
63
55
68
29
50
28
35
55
68
35
26
38
54
48
11
34
27
50
61
38
48
62
23
20
48
27
13
79
68
78
17
67
50
75
27
23
6
75
67
36
41
11
61
76
27
51
50
36
23
35
30
65
83
35
12
51
67
48
72
36
6
17
78
9
68
27
26
65
0
63
79
63
17
50
48
51
20
41
65
75
26
5
20
11
63
30
65
48
58
58
85
67
9
83
51
30
17
35
11
78
50
29
13
5
65
38
55
17
0
38
83
54
15
15
14
85
26
76
11
58
75
50
76
83
76
0
13
23
13
13
78
20
38
62
51
55
48
0
78
13
35
9
75
65
78
5
12
23
14
27
72
58
