10
88
50.0
48
26
83
77
44
72
19
63
36
21
46
63
39
18
55
51
69
61
79
6
65
81
16
41
60
61
61
87
25
44
23
17
71
85
67
76
49
52
73
43
66
59
3
70
85
10
54
22
70
61
34
13
58
74
29
59
27
59
35
16
75
69
7
15
50
22
87
56
63
55
49
2
40
40
80
87
74
33
21
80
86
64
37
15
2
68
12
15
31
8
32
82
42
22
16
61
80
65
26
53
20
2
6
33
21
22
78
80
1
75
9
65
0
85
0
70
32
78
29
38
59
65
49
87
2
35
63
47
14
73
22
50
22
16
4
22
49
1
74
31
87
11
6
1
26
49
5
26
9
30
33
31
70
28
85
16
62
16
31
65
50
16
87
59
41
1
6
22
72
69
45
44
49
15
15
37
87
37
61
27
2
72
15
87
50
33
27
18
75
50
26
87
61
31
74
41
1
1
42
42
41
27
6
35
35
37
59
61
72
41
59
69
15
87
32
21
78
73
72
1
42
6
42
70
77
22
26
59
69
84
50
9
42
72
78
26
0
6
18
63
77
16
9
69
27
41
73
32
55
8
72
80
16
69
33
0
27
72
41
69
49
73
49
59
16
50
1
42
42
9
27
50
77
33
87
9
31
87
50
33
78
41
9
41
78
32
41
22
73
32
80
31
65
61
75
55
27
85
2
15
73
78
85
63
29
63
1
15
18
26
73
85
61
49
18
87
57
73
57
74
72
74
50
42
63
78
33
22
59
41
40
59
27
77
15
84
16
16
50
44
50
9
29
59
50
44
59
85
33
18
85
22
29
44
69
69
9
49
32
6
65
78
9
24
1
16
44
50
32
73
72
57
65
9
37
74
69
1
6
21
21
74
72
15
55
78
41
2
87
29
37
22
69
74
72
26
41
87
41
35
55
18
78
44
6
40
72
42
6
18
29
0
80
6
40
2
35
42
16
2
15
42
75
72
37
24
31
42
70
61
42
32
72
31
16
35
37
0
85
44
72
72
33
16
35
24
77
37
80
63
49
26
59
65
55
18
18
65
32
87
24
70
61
87
1
69
6
16
33
21
21
50
80
42
15
57
27
31
35
21
0
55
85
69
6
22
37
6
87
22
73
32
65
87
40
59
2
9
42
59
50
8
84
49
42
42
26
27
0
69
57
31
44
78
21
18
87
49
40
18
80
27
49
72
16
80
69
22
75
18
0
59
87
69
55
77
37
22
77
18
42
24
69
72
21
26
50
50
32
59
78
73
9
85
21
33
70
57
55
26
0
49
15
84
8
29
2
84
59
77
70
8
8
24
55
6
85
69
31
42
69
61
9
44
78
77
37
44
9
32
26
65
49
72
70
18
57
61
59
78
63
55
77
59
84
59
75
42
24
85
85
49
9
41
61
29
85
72
49
49
49
26
37
16
80
0
70
40
63
72
35
6
0
72
41
37
42
29
63
85
41
44
65
84
0
77
78
42
78
49
50
75
15
0
32
78
31
26
6
32
31
70
15
63
6
49
49
29
9
6
32
6
85
9
57
42
78
8
77
57
73
69
44
2
32
80
87
50
22
41
61
72
65
41
29
33
21
61
9
35
70
65
57
24
29
77
80
21
15
37
72
49
50
6
50
32
65
78
21
26
55
27
6
37
18
70
84
24
29
49
75
44
42
35
6
21
6
31
33
0
15
72
87
15
70
85
37
27
57
21
80
27
59
74
78
57
61
22
77
16
55
70
75
2
32
29
50
75
26
9
6
21
6
22
18
31
50
77
80
77
22
41
55
37
41
18
9
41
84
73
31
31
44
75
70
0
50
65
26
42
49
78
42
65
72
73
65
85
70
49
41
73
78
33
50
32
31
37
87
74
87
29
55
35
27
63
26
57
80
24
55
85
40
29
65
16
22
69
84
69
33
63
85
41
21
44
31
6
37
55
55
32
31
22
40
73
87
6
87
87
29
40
1
15
55
15
87
9
21
29
59
63
63
21
44
74
77
41
16
40
2
41
8
37
15
75
41
22
78
85
31
70
6
35
22
22
49
70
72
85
78
49
74
87
21
80
22
0
84
26
21
77
50
72
72
65
37
37
85
26
33
74
50
72
8
49
73
40
87
8
16
50
21
27
1
6
87
15
50
69
35
21
40
70
40
32
27
74
49
73
87
74
65
22
21
31
87
85
29
73
9
18
40
1
72
63
29
65
35
80
63
42
21
61
73
16
50
40
24
22
63
6
50
26
15
32
24
44
75
78
29
87
15
0
8
2
55
70
0
57
