10
52
50.0
47
20
44
10
26
2
32
24
16
38
29
51
41
18
41
5
16
23
17
1
46
39
34
28
3
14
48
35
4
4
4
19
22
6
1
3
34
43
51
17
21
44
3
21
10
41
25
23
10
4
47
16
35
15
17
40
11
8
23
16
9
42
23
3
35
12
44
50
42
16
33
0
3
12
34
30
12
10
39
10
45
1
33
50
1
10
21
3
41
41
45
27
3
27
41
50
49
17
16
37
23
8
34
7
16
27
50
33
42
51
10
3
39
44
31
33
3
18
3
1
34
27
18
10
3
23
35
13
28
8
33
51
34
18
33
12
16
16
18
22
33
4
34
12
28
16
41
3
16
39
42
45
35
16
33
17
22
28
16
33
36
34
23
39
10
44
27
28
12
51
35
3
33
39
42
50
1
10
35
28
23
47
35
50
23
42
45
50
45
3
8
16
7
8
41
21
4
10
3
12
45
34
8
41
12
4
27
8
12
28
1
22
34
35
8
16
10
47
4
18
16
28
10
45
8
50
27
17
41
51
10
41
35
18
39
45
47
33
51
51
4
44
51
39
50
16
4
47
27
44
42
47
8
47
35
28
39
18
12
39
21
44
33
34
7
4
8
3
47
35
7
21
34
3
41
34
10
39
18
51
44
27
3
39
3
27
16
47
10
47
28
33
8
8
12
44
27
8
4
39
7
39
23
27
22
23
12
28
22
41
39
51
35
44
23
42
23
4
44
28
41
47
21
47
1
47
8
12
50
10
21
16
41
16
17
35
27
22
21
47
28
12
16
33
28
4
33
8
1
35
18
12
4
27
22
28
18
16
22
16
27
47
7
12
21
4
34
33
27
34
47
23
45
21
50
28
47
18
41
21
39
41
44
44
39
21
22
44
21
18
1
35
35
45
18
22
45
34
44
28
17
16
41
3
16
47
3
34
10
8
21
41
47
27
1
3
8
35
35
41
12
50
34
8
34
33
47
41
21
39
41
1
39
28
1
17
33
34
45
1
23
1
4
4
27
12
22
16
12
41
33
34
3
12
1
42
12
34
47
18
51
39
10
42
41
21
42
8
3
23
3
41
41
3
3
16
33
45
27
45
39
45
17
51
51
27
51
3
42
47
51
12
8
34
1
8
28
34
35
23
10
39
1
39
12
17
10
41
28
28
42
41
41
44
35
16
45
47
51
12
28
42
1
12
18
35
22
22
41
18
45
50
12
17
3
28
41
45
8
4
7
39
34
33
34
3
1
1
35
22
17
8
3
7
1
16
45
34
16
16
23
51
10
33
27
44
44
7
10
12
16
12
17
23
1
8
17
22
3
3
45
7
33
23
21
47
8
28
7
45
4
34
42
50
47
28
45
33
41
3
45
23
7
50
42
12
50
3
50
23
51
27
1
45
3
42
1
34
39
18
4
8
27
39
18
41
7
28
39
33
17
8
22
18
10
41
51
47
44
12
7
33
4
1
42
34
41
8
28
7
41
28
33
34
3
22
16
41
51
22
8
16
17
50
1
23
8
47
28
35
4
33
45
1
4
35
16
39
44
17
17
3
27
35
23
7
33
22
44
47
42
44
7
22
42
7
39
18
42
21
45
17
34
34
39
33
34
17
39
27
51
18
17
1
8
41
1
44
51
18
4
34
10
1
35
18
33
10
34
27
12
4
27
34
18
28
34
22
12
7
35
28
35
47
16
21
35
8
51
18
17
47
28
27
17
44
16
41
35
10
50
33
12
39
51
27
16
4
42
28
3
28
21
23
44
50
8
28
35
16
18
39
35
27
27
18
12
27
51
22
3
1
33
41
8
12
4
8
34
34
12
4
21
51
35
8
10
27
8
8
45
4
45
16
41
23
28
3
35
3
8
51
39
47
8
35
51
21
17
39
16
22
28
27
42
50
1
8
4
22
17
1
44
33
7
50
4
10
18
23
51
8
3
4
35
16
51
1
41
28
8
12
7
34
4
17
45
35
41
12
27
47
3
22
27
16
33
7
50
35
7
44
18
21
51
35
34
35
27
47
50
41
22
17
16
17
17
42
27
33
7
45
3
51
4
51
1
4
23
51
28
50
4
28
39
39
16
22
21
7
21
10
3
4
23
8
27
10
1
22
18
1
42
4
22
50
7
34
44
10
47
3
33
50
41
21
35
10
8
4
17
18
50
28
21
8
51
1
10
17
50
42
10
47
22
28
42
16
16
41
45
17
16
17
16
21
39
28
22
34
45
16
51
35
28
8
33
33
18
8
33
7
4
47
50
1
50
44
1
18
