10
55
50.0
14
50
45
44
46
41
54
31
38
11
6
29
14
54
54
39
41
51
34
15
51
52
3
8
20
47
48
5
44
53
4
50
26
29
21
1
10
17
19
23
45
51
13
18
32
33
36
50
28
27
8
30
12
29
7
13
25
37
8
4
24
24
0
49
42
24
2
46
44
54
9
14
44
17
46
14
42
29
5
35
2
25
24
46
22
46
5
45
43
45
4
46
28
42
54
44
46
48
14
17
17
45
51
17
2
44
25
21
26
46
40
40
36
21
16
28
33
41
41
28
36
2
8
16
50
5
50
36
41
17
46
54
8
53
28
0
42
28
8
0
14
50
5
17
48
33
13
26
54
53
8
29
0
26
40
17
24
44
13
25
14
54
29
41
28
2
16
42
42
24
44
36
41
24
2
40
8
24
45
41
21
36
8
46
26
16
54
40
51
21
40
5
42
48
51
36
25
29
40
45
21
16
36
46
13
53
45
0
17
41
14
46
5
13
54
5
26
4
51
8
46
5
24
17
28
48
17
4
33
29
0
33
24
2
5
45
42
48
36
46
8
0
21
41
28
33
16
17
42
54
28
42
42
46
41
21
46
21
2
50
29
4
28
41
33
48
46
5
24
16
51
26
14
46
36
44
25
51
24
33
13
54
48
50
2
36
50
4
26
17
41
26
8
36
4
40
14
8
14
36
21
29
54
41
21
36
16
13
53
50
42
25
45
17
8
8
0
13
40
8
2
33
13
8
16
5
0
29
54
16
26
40
25
21
16
13
40
2
42
21
26
13
50
14
8
26
25
5
13
50
2
4
24
50
5
0
33
54
42
5
5
16
5
13
54
42
29
4
48
46
42
40
41
50
16
36
5
0
54
8
26
36
50
5
29
24
21
25
51
44
40
4
8
29
54
28
45
33
50
21
45
16
40
4
44
0
8
16
29
29
36
0
2
51
13
46
42
24
4
54
45
26
2
14
46
25
33
51
54
42
8
53
50
4
42
45
24
14
51
51
28
2
14
14
44
14
8
42
29
53
51
21
4
29
26
33
51
28
2
36
53
26
21
5
24
28
54
16
54
36
21
16
41
8
41
28
45
28
46
48
50
13
4
26
44
25
46
4
24
50
33
4
25
2
8
26
13
21
53
28
14
41
54
2
53
51
16
54
21
45
44
0
25
13
54
51
36
21
53
21
5
4
26
45
5
41
14
33
25
44
46
48
50
26
5
8
4
51
8
45
4
51
28
51
26
26
29
21
29
28
53
13
14
14
24
41
44
41
21
29
26
4
16
29
42
5
53
51
41
13
25
33
41
33
29
2
26
29
21
28
14
29
8
8
5
17
25
51
36
24
2
28
0
41
28
29
24
41
17
0
26
50
40
13
8
8
33
26
51
42
40
45
45
25
44
17
41
40
21
2
40
54
51
8
2
0
33
5
33
29
48
33
16
54
5
48
50
17
46
42
54
36
41
53
36
0
40
45
36
24
36
41
2
46
40
4
41
48
51
33
26
21
8
48
2
51
26
44
54
4
41
44
25
42
41
24
0
36
26
54
54
40
24
13
54
53
25
26
41
17
33
53
28
44
5
26
41
14
17
14
40
8
50
42
4
13
28
29
36
42
46
53
4
5
21
29
4
54
4
40
26
33
48
26
2
54
4
4
2
29
26
41
51
50
2
16
41
36
16
14
26
50
26
16
50
45
46
46
5
17
41
42
4
14
44
36
48
14
5
16
21
45
44
33
46
40
13
8
44
44
54
53
26
42
53
5
17
53
42
41
42
14
25
36
40
5
5
25
46
17
24
51
33
46
54
54
45
42
5
46
33
53
42
28
42
51
5
4
26
53
54
46
44
36
40
0
48
36
16
46
51
54
46
13
2
13
28
45
51
48
51
16
24
4
53
24
8
13
48
42
54
54
25
17
16
46
13
2
16
5
46
8
50
48
45
17
42
54
42
26
48
24
8
42
2
25
40
51
16
14
42
5
53
40
17
0
45
51
48
24
41
46
25
44
51
44
33
24
13
14
41
36
48
29
44
21
21
14
24
26
54
4
4
50
40
44
24
46
50
17
50
48
26
5
46
24
2
21
0
29
54
51
13
36
16
25
17
46
24
13
28
5
21
26
13
25
0
13
29
0
36
45
28
33
33
48
17
45
50
17
17
44
29
24
14
53
8
45
4
41
45
54
51
16
0
2
25
8
13
13
42
4
29
28
26
0
21
48
46
0
0
50
5
48
48
50
53
50
13
24
26
51
25
45
48
42
25
8
4
25
