10
42
50.0
36
27
20
7
0
34
29
31
28
33
35
20
41
16
17
21
6
34
26
1
30
26
10
20
39
32
9
2
29
18
15
23
3
30
10
24
22
1
26
15
25
23
15
21
1
22
37
10
26
14
34
30
40
15
10
32
27
13
10
34
15
12
10
4
8
27
6
20
34
6
26
34
10
29
29
29
31
41
10
41
32
22
21
10
5
34
29
32
38
10
30
8
34
26
19
32
6
30
23
25
26
30
10
14
14
19
20
31
6
34
22
26
14
23
31
14
14
15
32
32
10
20
10
1
27
26
20
10
10
29
41
21
27
30
11
34
1
1
25
10
32
26
6
19
10
10
10
15
23
1
11
32
23
14
1
41
26
15
29
41
10
21
27
25
10
29
34
23
34
31
29
1
26
11
29
34
23
11
10
29
8
10
23
31
11
29
25
11
19
1
19
26
11
29
22
6
20
26
1
1
22
14
20
8
19
19
34
20
8
26
41
23
26
23
1
21
20
31
26
22
15
27
41
30
20
15
21
22
27
1
10
30
30
8
25
21
19
8
8
8
23
15
11
8
6
14
22
41
32
11
32
20
21
41
19
29
26
30
8
23
41
21
26
10
11
30
25
1
29
26
23
1
27
25
32
41
30
27
10
23
32
14
8
27
21
11
26
41
20
6
10
19
1
1
31
20
11
11
21
22
34
41
30
22
6
22
8
26
41
21
23
20
34
34
20
11
8
27
31
15
27
30
19
20
11
31
11
1
25
11
14
8
19
31
25
20
21
25
21
15
15
1
6
8
27
30
31
21
22
26
25
6
41
30
15
29
10
22
21
19
41
11
19
20
26
15
8
29
22
14
14
22
20
23
29
34
27
27
10
30
15
34
30
31
22
22
15
20
21
30
21
31
27
11
23
23
29
30
41
34
21
19
11
25
27
21
6
25
1
19
20
29
8
26
11
11
34
20
41
11
34
41
8
6
27
15
26
27
25
15
15
34
6
34
20
19
20
8
26
23
22
15
32
15
19
19
23
10
25
11
19
29
34
10
31
19
20
11
20
21
8
8
31
25
10
41
20
8
31
27
8
21
22
20
6
25
14
29
27
22
27
27
21
15
26
21
30
11
32
22
20
32
10
30
31
15
20
30
41
26
10
30
27
26
6
23
11
6
11
23
19
27
1
21
32
6
6
29
8
32
6
21
26
10
31
14
14
6
19
27
19
41
14
8
14
21
30
21
27
29
6
29
10
32
15
11
30
27
25
15
1
20
11
26
30
31
29
41
14
30
19
14
23
22
26
14
1
15
23
19
31
25
6
10
6
30
25
10
10
6
31
8
14
30
6
29
23
11
6
29
1
32
6
31
27
11
1
6
6
27
19
19
6
34
14
30
20
11
8
6
6
6
23
10
26
32
41
21
25
6
19
29
21
29
32
25
20
11
10
30
15
23
31
14
30
30
34
25
6
21
10
21
1
30
15
29
29
32
14
6
31
6
1
31
8
10
23
25
26
32
41
11
29
32
27
14
31
8
22
19
41
41
32
15
10
27
19
1
6
30
31
34
21
30
25
27
27
29
29
22
21
8
34
21
15
29
31
11
14
6
26
41
21
22
10
15
8
20
34
32
41
23
15
15
6
11
34
32
15
21
20
8
32
34
30
32
10
23
32
8
34
1
11
10
25
22
32
22
30
26
29
32
29
41
34
26
34
11
34
20
21
6
19
30
20
23
23
6
1
34
23
8
26
8
1
41
23
1
14
6
23
21
21
29
8
26
15
30
8
21
25
31
31
21
8
10
25
19
26
29
6
19
8
22
11
26
21
30
29
31
41
41
8
31
19
15
34
19
32
31
20
41
27
10
26
32
32
14
41
20
20
11
23
1
15
23
29
10
22
15
25
30
30
22
6
34
34
11
15
26
32
10
29
14
31
27
26
25
32
20
41
31
25
10
8
6
6
8
32
41
23
14
1
20
41
20
20
29
14
10
32
34
31
14
25
1
27
30
23
11
32
25
15
20
1
26
34
31
25
31
14
1
27
20
27
25
1
6
21
41
30
32
31
27
31
26
23
22
1
25
1
25
20
1
6
21
26
20
1
23
19
32
34
22
11
23
31
34
32
31
27
10
27
41
34
34
30
25
34
21
8
25
11
21
30
19
29
22
15
6
41
20
41
32
15
20
25
23
14
15
31
15
32
27
8
14
27
14
34
15
25
1
34
10
14
25
1
8
15
10
1
27
1
8
19
30
8
1
8
8
27
32
10
11
11
22
6
8
34
29
