10
92
50.0
34
15
77
62
83
59
30
32
61
20
18
87
86
42
84
33
17
52
6
54
27
26
4
43
88
36
31
20
23
2
41
67
89
24
66
6
54
41
22
83
1
57
28
43
60
79
30
0
56
56
87
1
29
73
87
41
58
39
46
21
43
7
50
63
51
75
71
25
87
11
3
82
78
31
37
53
87
83
82
12
4
21
80
32
77
2
5
48
64
89
55
87
2
52
9
71
31
81
18
13
82
55
49
65
83
86
90
6
21
82
40
56
31
30
38
91
75
77
52
59
57
41
86
82
1
86
31
45
1
87
6
23
32
31
65
14
75
47
52
8
5
68
35
58
8
85
55
32
31
30
23
45
77
45
38
77
82
87
43
41
71
26
54
77
77
0
77
68
43
68
41
23
22
23
21
65
10
2
21
21
86
52
38
54
57
85
86
74
70
44
0
23
65
81
65
41
83
58
65
65
30
55
83
56
69
31
21
76
20
1
8
75
82
23
30
32
52
5
16
64
0
38
5
87
31
22
86
23
52
0
4
2
81
54
77
22
86
86
43
22
18
41
48
5
87
65
65
91
77
59
20
21
41
59
48
43
31
72
43
81
1
8
91
2
48
85
22
0
6
81
89
71
58
58
82
26
64
23
43
2
86
18
5
64
72
74
31
22
45
56
59
77
48
45
30
77
20
87
5
68
52
32
89
23
20
41
6
38
74
20
23
6
57
87
77
22
91
74
74
87
21
23
31
1
41
0
85
22
72
68
22
21
59
4
5
12
85
55
12
8
65
30
1
12
0
91
38
77
4
85
91
41
56
58
12
38
20
31
71
4
55
41
31
85
20
86
38
59
75
72
4
72
87
41
77
8
54
81
41
5
43
43
83
19
2
1
58
85
0
4
59
12
86
54
12
52
44
6
45
59
55
20
20
43
58
5
85
77
38
57
38
56
5
91
8
71
43
6
81
59
59
30
58
56
21
21
75
54
32
1
20
72
22
6
1
68
82
55
86
71
6
71
89
12
32
91
57
75
71
26
2
55
0
18
20
32
91
31
32
86
41
87
43
54
56
26
26
22
44
64
57
30
86
91
81
38
18
45
23
4
58
1
44
22
57
56
89
48
44
22
83
55
56
8
45
72
23
6
48
22
85
30
20
59
31
89
52
43
89
1
2
75
89
75
6
45
87
45
22
32
74
56
85
57
77
48
5
23
1
0
18
31
59
48
45
1
54
65
82
81
30
1
58
1
0
74
52
77
22
56
65
32
89
38
31
6
54
68
56
59
83
4
86
72
59
71
45
0
12
18
58
41
64
83
68
87
77
21
21
44
75
30
12
32
21
72
68
86
59
86
52
2
77
21
54
8
75
38
56
43
6
22
86
75
54
21
85
41
30
55
32
58
43
59
45
12
65
0
20
74
4
54
26
65
6
21
52
30
48
55
58
31
81
74
59
74
23
32
74
20
72
82
32
18
8
38
72
91
8
4
65
23
18
6
86
22
86
48
43
0
0
52
74
83
1
91
31
65
26
64
85
81
75
85
31
64
41
44
86
45
30
5
59
81
58
77
72
21
20
64
20
12
41
77
38
30
86
72
18
85
43
44
8
64
87
45
59
54
4
81
1
23
2
38
45
12
58
77
48
72
6
59
56
30
58
86
68
6
1
81
74
0
41
89
12
65
2
26
8
12
68
31
74
72
20
72
1
65
75
6
12
8
26
82
20
52
1
58
41
52
23
57
75
31
20
87
30
57
52
1
5
4
4
0
6
82
44
38
45
41
2
20
44
68
31
72
65
64
83
0
91
82
44
1
55
2
72
12
72
48
55
89
64
4
22
87
6
89
45
31
52
30
65
64
91
59
4
12
41
77
85
12
59
45
83
83
68
64
68
59
12
52
44
6
68
18
0
0
75
64
43
59
91
0
91
55
85
18
58
38
65
43
55
30
44
57
83
6
82
87
45
71
55
43
56
20
5
83
52
54
68
56
32
4
22
20
26
1
59
2
68
5
86
8
89
77
83
20
81
87
6
22
38
6
74
18
55
74
6
32
55
52
65
54
86
71
4
58
1
20
21
12
0
23
64
85
74
5
81
31
65
8
68
0
26
87
91
31
31
6
5
54
55
91
91
18
43
68
54
12
4
5
18
45
58
38
87
4
71
23
23
23
41
56
41
4
2
41
58
30
89
12
0
31
71
77
32
82
83
12
85
45
57
31
77
30
71
52
44
18
41
81
26
64
48
72
83
12
82
65
31
44
82
48
85
4
12
2
8
65
