10
73
50.0
41
36
67
35
46
60
20
71
29
26
35
27
14
61
46
0
8
14
10
52
63
34
70
45
42
47
41
33
19
22
3
63
57
53
62
28
47
14
38
65
35
49
47
65
26
4
24
68
1
30
0
52
12
72
19
2
61
50
66
52
34
18
3
58
30
5
44
15
47
31
72
64
3
47
46
7
41
35
19
40
66
10
12
37
13
70
4
9
72
16
58
3
63
30
0
47
69
5
23
26
59
9
0
64
25
59
70
9
51
9
61
32
3
19
56
54
30
9
30
61
53
26
35
32
31
56
14
49
54
49
43
31
9
32
48
3
19
46
72
65
19
45
12
5
6
0
30
3
14
54
58
47
66
72
45
14
65
47
63
9
12
11
58
41
41
45
54
59
45
64
47
61
66
3
30
0
6
5
49
10
32
49
3
70
61
0
35
35
26
59
59
65
64
66
35
62
3
61
14
9
46
72
66
53
66
31
19
21
26
39
65
66
56
26
45
4
11
0
62
4
41
6
53
65
59
49
3
58
47
0
65
55
54
47
6
34
4
59
11
58
58
31
70
53
14
31
59
46
17
63
30
32
12
9
53
66
10
32
31
47
41
59
31
35
45
3
54
14
0
12
53
5
41
30
32
19
46
3
64
35
52
41
63
72
59
6
59
26
65
10
6
53
10
56
52
62
53
54
52
39
9
4
0
10
26
72
6
9
12
30
9
61
39
45
47
61
0
52
31
65
0
70
19
63
12
61
64
47
47
61
0
31
32
47
30
61
6
6
9
5
58
64
39
72
61
46
62
12
54
54
14
9
26
46
41
6
41
32
54
26
19
56
65
26
14
54
26
49
11
58
72
12
45
61
72
58
49
3
11
65
47
61
11
12
46
52
72
5
4
9
6
31
66
6
6
9
65
45
32
72
26
31
39
70
12
54
39
34
53
12
66
0
34
47
0
5
4
70
45
58
4
45
47
32
39
6
14
0
54
32
12
53
3
30
4
19
0
41
64
35
70
6
11
45
45
65
35
49
63
59
61
39
34
63
63
66
66
31
45
6
19
52
53
34
6
49
66
46
63
64
49
12
12
59
11
34
12
52
64
52
70
49
64
41
14
53
65
63
52
11
9
14
58
30
58
70
61
49
35
19
53
52
35
39
56
41
10
70
70
64
19
12
58
14
53
65
12
12
10
64
53
65
62
72
0
14
70
0
47
56
65
64
52
3
5
41
34
53
9
32
53
63
59
63
63
65
56
0
61
9
66
41
54
11
39
41
4
3
34
66
45
32
39
54
4
54
34
66
65
10
58
41
4
46
59
11
66
19
63
56
61
10
56
30
49
31
6
31
65
53
66
62
62
9
11
62
35
49
46
6
32
30
11
53
34
9
61
46
65
30
0
49
65
61
5
66
11
61
31
3
52
6
35
41
64
35
64
6
45
70
62
26
35
11
31
19
58
46
14
47
65
45
70
9
64
14
34
19
34
46
53
72
46
0
59
53
5
34
35
65
56
58
32
63
59
0
11
10
63
72
66
0
54
14
0
31
56
63
32
72
12
62
53
63
11
4
10
26
41
5
58
52
54
52
49
26
34
30
56
49
63
63
3
10
31
32
49
72
6
26
11
4
66
31
59
61
54
26
9
63
6
45
19
14
64
34
63
62
52
59
52
65
0
0
62
30
63
56
49
46
46
32
14
61
30
58
10
45
53
62
64
39
10
19
26
30
11
35
47
65
58
66
49
10
56
12
31
63
39
4
10
53
61
9
64
0
49
45
12
64
61
4
35
64
45
53
9
70
9
47
0
34
14
0
63
49
31
61
45
72
65
10
34
47
59
30
47
4
54
32
46
6
72
3
12
12
9
45
26
58
32
30
10
47
30
19
70
54
64
65
66
45
52
11
26
9
34
70
30
9
35
61
10
35
47
47
72
49
47
32
49
10
31
63
11
32
26
70
0
26
3
59
5
32
56
61
9
35
61
56
52
56
41
30
45
32
12
41
72
26
61
72
10
62
54
35
31
12
59
59
32
6
66
14
0
30
32
59
64
46
59
62
4
30
45
52
52
70
0
61
39
65
35
45
41
31
0
39
64
32
70
45
64
52
46
65
62
58
46
56
61
52
19
53
61
58
70
31
0
4
52
6
0
41
63
70
35
66
3
5
4
52
35
35
39
63
46
39
34
12
64
63
56
34
39
30
65
54
4
34
47
45
53
6
46
45
19
0
52
31
52
72
9
64
66
4
52
45
64
12
19
47
35
35
4
52
58
5
41
41
