10
64
50.0
30
63
3
45
52
46
28
17
56
18
19
28
7
28
43
38
14
5
28
22
42
42
33
59
59
61
2
51
35
4
15
10
37
23
59
21
18
56
9
39
50
1
33
28
34
37
44
40
46
28
24
54
42
41
12
26
31
12
22
58
16
39
60
46
37
32
27
57
12
9
57
25
8
25
39
11
46
42
29
18
28
34
4
60
56
34
39
49
14
49
59
53
48
14
28
6
48
9
57
57
33
13
13
46
53
11
36
18
12
16
11
12
56
9
57
32
57
14
33
46
12
32
25
62
60
14
12
20
57
11
39
22
54
59
63
48
53
48
0
34
54
9
10
18
41
48
4
39
32
60
41
25
56
29
49
34
12
33
47
29
32
39
53
33
37
54
29
46
28
62
32
59
4
18
46
53
20
37
12
32
63
32
18
22
48
13
28
41
14
37
29
32
33
10
46
39
55
46
60
9
28
57
25
28
11
12
9
56
39
53
37
37
22
18
34
13
29
20
25
18
13
46
11
4
59
18
53
63
13
4
14
39
20
34
53
41
12
18
41
25
63
29
10
10
62
25
18
53
29
9
29
60
39
10
32
57
56
22
46
39
22
56
18
18
41
60
37
54
13
14
10
28
42
33
37
34
63
60
42
54
14
16
28
11
20
29
28
63
46
60
18
53
57
14
28
56
46
41
13
12
41
60
57
37
9
34
29
20
53
18
57
56
18
46
57
48
54
11
4
53
56
63
60
62
48
59
32
13
42
22
42
60
62
48
12
37
16
54
53
37
14
29
10
49
13
16
48
33
9
34
14
59
59
12
25
48
46
10
10
59
54
42
32
46
32
22
34
56
12
25
14
57
56
33
63
29
57
46
42
4
25
18
12
11
57
12
34
34
28
62
33
11
12
54
34
53
13
16
54
57
42
48
53
39
4
29
62
18
9
33
13
57
22
49
49
53
56
11
39
60
59
39
25
34
54
10
13
25
34
33
9
60
29
14
48
49
10
49
54
16
16
42
22
22
20
59
28
33
41
34
53
46
56
12
9
34
33
63
28
56
46
29
12
48
13
49
4
18
18
28
41
10
12
25
20
32
49
60
63
22
56
46
49
11
4
60
34
32
41
22
28
48
54
16
60
14
4
18
63
11
49
49
60
4
18
4
63
37
41
39
60
13
63
42
60
63
22
28
60
32
33
20
48
53
48
9
46
14
18
39
59
41
56
14
49
16
28
16
20
14
34
46
4
39
4
12
4
33
32
25
34
59
12
46
41
13
56
20
56
34
33
42
11
33
34
13
42
42
28
54
25
16
20
63
48
4
16
22
54
37
62
48
11
56
49
49
12
20
57
59
63
18
48
18
11
18
49
20
39
11
22
63
63
37
37
10
11
53
28
56
54
10
32
14
29
60
49
20
37
10
54
28
22
9
12
41
41
32
34
57
46
28
57
62
46
34
28
18
48
13
4
13
49
34
11
41
29
59
42
63
48
22
34
57
42
29
46
25
34
25
57
29
56
28
56
54
59
57
22
41
54
4
10
59
10
29
41
48
62
29
18
41
59
9
14
41
10
62
60
41
10
11
48
48
39
57
34
32
22
32
39
32
4
42
54
57
32
20
32
59
37
62
25
54
49
11
28
49
41
39
54
48
56
4
4
34
60
9
33
13
11
48
63
34
28
48
42
32
28
41
4
18
39
25
56
25
13
13
25
63
42
57
22
12
41
57
13
56
37
41
57
22
10
63
20
60
42
14
57
20
16
42
25
25
42
25
10
53
18
54
62
59
10
57
62
33
22
46
10
29
13
11
62
20
48
41
13
22
48
46
33
13
25
20
14
29
10
12
11
34
14
37
56
25
34
37
22
18
10
33
22
34
42
10
54
13
34
32
13
46
16
60
11
59
16
34
54
20
10
12
20
54
54
56
16
28
22
39
63
54
29
42
48
49
29
25
57
29
16
56
48
18
28
41
13
62
10
22
13
37
20
57
12
46
25
54
4
28
25
14
49
28
4
9
9
37
14
56
29
12
29
46
60
9
32
12
34
34
49
9
60
25
54
62
63
39
16
13
10
62
25
33
22
56
37
29
16
18
33
4
4
56
4
57
46
60
62
56
39
39
4
54
56
25
37
49
49
60
22
41
9
25
42
60
20
63
46
63
53
22
46
62
54
48
14
56
53
54
25
49
29
25
20
53
28
53
60
14
57
42
41
60
12
18
16
20
4
34
32
10
59
13
48
57
46
41
18
62
54
28
32
22
46
34
60
9
33
63
28
54
