10
59
50.0
37
7
8
7
25
45
20
6
15
33
6
58
34
26
28
29
54
19
46
37
56
28
35
6
12
16
35
21
18
50
40
30
50
39
47
0
31
11
7
5
5
39
9
7
18
12
18
55
2
57
50
29
43
17
4
1
10
31
52
33
22
39
13
39
41
23
17
38
8
52
16
14
42
31
3
14
12
37
12
17
1
5
16
49
40
4
32
51
53
40
44
17
37
39
41
27
43
13
40
12
45
5
24
5
1
14
14
25
29
49
4
33
28
45
52
13
1
6
43
39
29
4
41
40
52
37
14
37
31
5
18
4
53
48
40
13
33
48
52
35
4
28
12
8
41
18
7
39
43
48
7
45
18
52
53
14
17
18
39
36
35
7
13
35
12
48
33
33
24
39
1
1
35
53
50
39
43
39
6
31
37
12
12
14
31
8
33
7
43
45
7
50
5
41
37
7
12
17
1
14
49
53
18
43
4
43
28
24
41
17
17
53
43
24
40
16
16
41
24
18
13
6
41
50
43
5
40
25
18
52
49
48
53
45
7
52
29
52
24
1
33
29
29
16
37
4
28
45
52
12
28
16
41
33
28
41
52
25
24
4
1
39
5
24
28
50
31
31
39
45
25
7
4
33
14
39
1
49
43
49
37
16
41
12
25
33
37
49
39
53
29
39
31
8
37
8
7
39
35
6
25
6
17
33
8
53
16
28
50
1
28
45
14
45
7
33
5
17
50
1
25
45
43
13
48
25
7
53
6
8
24
5
40
37
45
12
7
28
16
18
4
41
7
49
1
39
33
31
4
45
35
16
25
33
1
12
18
13
17
39
41
52
43
12
48
13
5
45
35
24
8
40
12
48
45
4
12
52
6
16
40
24
12
48
52
33
35
33
37
50
53
50
18
7
18
14
18
5
18
6
53
1
53
37
50
4
50
5
48
35
14
31
16
14
50
48
13
48
41
29
48
49
48
4
33
25
16
17
41
13
14
6
7
37
16
28
5
45
33
16
18
16
45
12
28
53
24
4
28
53
6
18
35
13
35
31
16
35
16
13
29
17
52
37
50
45
25
39
53
33
31
16
17
24
5
43
16
14
6
49
24
1
6
28
33
14
39
29
29
50
43
12
50
33
33
48
4
35
52
31
5
17
49
18
43
4
52
41
29
40
39
53
31
5
4
39
53
18
13
49
25
25
53
24
13
12
13
8
52
35
28
37
7
12
29
39
18
16
49
17
41
45
25
7
16
1
28
53
48
28
25
49
16
1
6
48
4
40
13
5
31
25
43
45
17
35
12
4
50
6
48
16
39
49
41
7
13
17
41
49
5
25
18
52
52
1
53
13
4
50
48
1
29
25
43
24
16
6
7
17
5
35
29
5
50
14
45
7
13
1
31
41
43
8
7
45
25
50
16
4
8
43
14
45
52
40
45
4
8
29
53
52
35
17
5
7
4
39
12
12
52
33
28
35
43
31
24
50
17
33
13
52
13
39
43
48
18
5
43
52
25
52
17
7
13
45
5
1
43
7
31
48
8
48
53
13
37
24
52
17
50
12
18
33
37
53
4
45
43
48
33
24
18
52
37
17
6
33
12
12
52
8
12
48
39
5
35
7
49
50
33
31
52
35
33
48
18
13
16
13
43
6
1
4
43
7
39
43
49
7
14
16
39
45
45
16
43
33
17
39
5
37
8
16
50
33
31
8
4
7
13
29
33
5
24
14
8
43
18
33
29
31
39
13
48
52
25
52
12
29
13
8
25
31
1
28
43
8
48
1
14
13
18
28
31
48
43
13
28
12
41
41
53
1
43
25
16
17
53
7
41
49
13
16
50
5
7
7
8
17
18
41
52
49
1
48
17
24
29
6
13
48
1
4
31
8
4
49
7
29
13
50
4
17
48
50
41
24
5
29
25
4
1
4
53
53
45
8
4
37
35
25
5
18
29
7
40
6
12
6
13
25
35
8
28
24
17
7
16
17
17
4
49
4
29
39
8
41
5
1
14
40
12
53
50
6
17
4
39
50
40
8
33
28
25
25
39
50
12
8
25
16
28
13
28
29
41
13
53
31
41
31
40
45
40
50
29
48
40
40
18
28
18
45
49
50
14
7
24
40
40
13
13
14
50
49
18
12
39
39
13
7
53
29
5
7
25
6
45
25
37
39
4
16
8
45
39
45
12
1
1
40
14
25
25
4
14
6
14
49
40
13
8
29
16
35
4
31
4
25
24
29
28
45
13
6
24
8
29
43
12
18
40
33
41
53
14
43
13
43
