10
75
50.0
2
5
20
29
58
25
4
61
70
15
20
40
50
69
24
1
18
53
69
72
39
46
48
13
29
23
66
61
29
35
22
30
20
2
39
17
60
67
3
46
63
27
11
36
21
48
1
43
7
70
63
41
9
74
46
37
8
61
18
38
6
54
47
66
31
37
63
52
64
68
69
43
71
70
50
43
43
1
8
66
3
31
55
50
56
26
46
36
69
34
43
61
7
73
48
33
0
63
7
70
12
58
22
23
55
61
22
70
42
39
70
22
22
34
55
23
43
31
39
32
53
57
45
57
7
2
34
10
63
6
8
50
37
52
22
48
14
2
7
42
50
6
46
48
58
57
36
22
42
70
61
55
58
20
48
19
7
18
7
11
11
55
46
69
16
11
19
48
57
11
66
37
2
59
42
19
53
48
50
57
50
19
3
51
69
53
39
7
36
43
48
22
29
7
63
1
28
44
8
18
11
11
65
45
34
39
55
39
36
6
36
7
22
48
55
7
70
65
23
11
62
66
19
39
66
61
58
46
36
11
36
18
43
42
22
39
22
63
23
18
58
8
61
36
8
43
52
23
42
61
49
37
23
70
1
53
29
3
39
61
49
55
34
3
19
29
62
43
19
8
45
34
22
36
39
48
8
63
1
58
52
8
34
3
39
36
11
20
20
29
55
11
20
57
23
48
8
7
55
1
45
66
20
19
31
39
6
62
70
7
19
3
29
58
43
61
36
2
8
59
1
46
59
34
37
20
39
39
18
61
39
48
3
34
6
11
48
1
66
46
19
48
7
1
3
53
45
43
42
7
61
48
37
29
55
2
45
50
58
43
23
58
36
39
50
36
46
1
3
3
59
8
62
29
52
49
66
46
7
69
29
62
46
42
58
65
36
18
61
36
46
22
69
34
42
48
57
3
66
39
52
39
1
7
23
61
46
66
61
49
20
36
1
53
2
34
63
23
37
70
3
61
61
48
11
37
53
22
8
55
37
29
43
29
58
34
6
22
57
7
65
49
50
52
6
23
45
49
18
50
46
43
2
57
46
31
50
1
55
11
69
1
61
8
6
50
23
2
62
36
6
48
39
8
6
18
29
57
57
39
7
29
11
57
34
1
7
34
22
42
34
31
20
49
23
20
62
8
55
45
23
42
29
29
11
63
34
43
8
61
37
20
8
20
45
57
31
66
66
7
46
49
37
39
45
22
43
61
57
2
55
20
49
69
53
59
8
3
65
50
48
63
3
62
48
65
22
2
61
22
1
7
57
46
63
20
3
50
61
46
61
53
2
39
6
34
69
8
23
52
65
43
36
31
23
57
18
66
7
61
29
1
49
37
69
43
45
29
7
66
61
2
2
2
39
18
70
39
58
61
58
46
53
65
65
58
59
58
49
62
48
48
36
69
50
57
2
23
8
63
69
42
18
8
63
57
11
18
37
48
42
46
23
20
46
2
49
52
70
43
7
19
45
11
3
2
49
57
1
34
43
22
37
7
53
6
48
49
31
6
37
70
19
29
49
58
36
22
46
45
49
45
39
52
6
61
48
39
23
69
57
18
50
62
69
50
46
39
52
3
62
42
57
57
11
8
1
49
19
3
70
31
2
50
8
3
69
50
37
49
59
3
42
61
65
18
66
70
37
8
20
34
59
31
43
70
20
49
22
57
29
6
1
7
23
61
37
59
46
45
22
42
36
66
50
69
34
42
23
70
62
34
53
19
62
37
31
61
34
39
22
37
52
39
39
36
65
7
22
52
2
70
59
23
57
22
39
45
70
62
52
18
36
69
37
2
46
61
70
23
69
2
18
23
57
11
48
20
53
6
43
3
58
59
1
7
29
37
23
1
36
39
19
36
66
39
31
45
8
63
19
34
70
61
6
20
20
55
23
49
50
7
39
50
45
43
42
52
42
58
43
52
70
45
69
62
66
57
3
22
69
37
63
39
1
3
11
2
59
20
52
49
18
22
55
48
43
39
61
66
22
52
46
18
6
23
39
43
8
18
20
6
36
2
59
29
18
45
29
42
2
23
62
52
70
19
59
43
39
52
57
43
42
58
31
39
50
6
66
43
20
1
39
55
34
55
50
45
62
43
52
55
52
3
66
52
3
8
7
36
61
55
48
63
59
7
55
65
29
6
58
34
55
36
43
1
11
63
43
34
29
62
1
19
70
22
57
69
36
58
34
11
18
29
63
61
45
53
1
65
45
36
18
20
31
45
45
8
45
39
42
7
59
18
29
18
6
34
29
22
8
46
61
59
58
39
65
11
11
57
