10
101
50.0
36
35
20
14
49
19
77
60
18
22
85
42
23
87
85
30
47
34
6
70
72
43
29
79
7
95
41
3
4
9
39
47
4
31
66
40
28
61
33
46
72
99
37
58
66
55
18
84
67
97
8
40
11
36
14
92
52
90
81
5
22
47
85
93
40
17
28
62
88
70
15
53
91
66
32
48
74
48
85
50
57
76
79
30
3
26
95
76
10
22
73
20
44
51
12
95
25
89
77
13
77
9
82
89
83
89
69
27
4
18
9
78
45
75
20
67
68
47
30
18
3
63
56
36
76
64
40
94
79
72
24
36
14
56
72
71
28
40
59
38
4
51
95
14
28
74
82
1
96
56
4
65
0
22
85
87
14
92
67
26
95
56
20
90
90
32
76
22
76
65
76
80
1
70
55
77
43
100
14
71
14
21
65
16
56
74
40
85
32
79
56
89
4
14
36
2
9
66
85
74
38
48
86
56
51
0
82
72
4
43
77
0
3
89
64
100
40
71
32
14
9
87
39
38
3
20
98
4
36
36
66
14
83
25
76
100
74
77
32
3
25
98
64
76
26
87
92
66
76
47
26
87
74
39
20
100
9
56
85
66
47
100
20
14
30
36
89
26
67
98
48
0
67
98
71
77
93
48
65
89
73
79
59
14
59
4
48
90
61
90
4
66
4
65
77
98
32
70
48
74
85
70
86
25
0
30
0
30
61
71
67
18
61
4
95
25
61
65
30
95
48
43
43
92
100
79
73
100
4
67
59
87
47
66
26
28
40
48
0
89
92
73
36
72
30
67
73
73
30
67
55
65
38
61
71
4
95
73
73
70
28
85
70
32
51
30
39
59
90
100
23
82
14
83
67
1
30
32
87
56
22
43
98
48
76
39
36
54
26
14
76
61
73
79
0
74
87
43
20
56
3
43
93
48
23
23
100
90
51
71
28
51
43
39
93
59
66
61
74
51
51
100
43
22
92
93
76
98
1
38
9
83
1
20
71
25
85
74
59
67
51
32
28
74
47
76
30
9
47
86
92
70
86
64
83
23
32
98
89
47
36
3
26
92
76
61
28
64
71
89
83
59
77
61
70
79
76
93
100
25
82
61
25
51
87
43
0
74
48
3
20
28
76
72
30
76
3
14
67
67
18
87
36
1
48
86
66
32
70
39
61
36
40
64
18
18
43
23
89
82
98
32
71
76
98
76
92
90
36
4
56
66
25
26
73
18
66
9
40
9
51
59
100
56
82
61
76
20
3
100
77
4
40
85
83
64
82
40
40
98
20
43
79
1
95
73
85
71
61
66
87
92
85
26
70
18
47
18
18
89
66
66
1
47
73
1
83
61
72
70
79
48
83
65
1
26
0
77
22
92
14
26
47
100
67
22
67
100
30
32
39
48
72
38
0
0
100
36
14
98
95
67
14
87
67
66
90
90
79
67
1
89
18
47
90
64
22
98
79
90
65
9
77
73
64
92
65
72
85
71
71
90
90
90
32
47
86
22
79
86
30
18
1
95
73
26
47
67
98
83
65
36
38
40
9
100
0
40
76
23
30
95
28
14
30
70
89
47
18
61
64
23
66
1
85
4
28
20
4
38
95
74
100
22
86
86
30
1
95
66
38
0
51
25
28
9
92
77
23
83
70
72
61
38
18
38
77
79
66
70
3
67
40
73
20
14
77
61
48
73
66
36
22
28
74
79
26
73
25
25
14
76
26
89
66
82
38
14
59
70
1
30
47
70
47
32
9
59
48
76
98
83
47
100
86
56
82
95
23
76
1
36
40
4
79
86
38
18
98
38
26
23
30
72
39
70
43
14
9
76
98
74
3
76
83
95
20
61
4
20
40
38
32
76
89
55
76
38
18
95
71
77
55
79
79
95
85
74
93
65
79
26
76
39
30
73
22
87
59
76
1
74
82
47
77
74
26
1
70
79
64
74
47
55
51
18
4
72
1
39
61
56
56
25
89
30
64
87
25
36
89
93
93
71
47
64
1
59
83
25
43
1
23
25
38
83
73
70
55
89
93
73
36
18
93
92
70
86
56
95
89
1
28
67
66
39
56
82
98
66
70
65
30
66
93
73
72
25
9
59
89
76
67
74
100
56
9
26
14
86
59
66
51
66
73
65
76
32
51
22
51
20
3
51
9
93
89
59
71
9
18
38
65
48
39
64
56
70
23
56
95
74
87
14
56
18
93
70
66
25
89
51
36
79
74
4
38
93
25
51
20
47
40
76
92
25
72
98
77
74
23
55
48
40
61
76
67
82
38
38
