10
70
50.0
17
5
42
46
22
58
6
18
41
53
38
13
62
68
15
69
43
13
53
52
8
44
41
37
66
60
35
11
21
40
16
3
51
61
22
26
56
26
36
61
22
50
69
7
12
64
0
26
60
12
59
67
44
20
23
31
50
57
14
26
58
59
45
15
41
61
58
49
28
1
39
47
24
69
2
32
13
26
65
4
14
48
61
29
22
55
22
45
60
12
59
60
1
22
22
64
7
30
13
31
55
7
12
26
55
33
59
58
44
4
1
44
5
49
69
48
53
59
19
4
27
36
4
5
63
54
41
64
4
40
57
10
67
32
45
67
26
64
69
26
41
15
19
40
41
59
34
53
59
15
45
59
49
32
50
15
1
15
7
48
57
13
25
48
41
40
54
10
36
44
36
36
45
67
19
4
45
12
54
69
36
53
5
9
41
48
14
54
44
58
54
45
7
15
69
53
1
40
13
31
54
15
64
9
1
54
45
9
49
10
45
12
50
69
12
67
19
61
5
10
32
45
50
64
67
4
44
4
58
15
7
15
59
45
49
48
25
25
45
57
1
61
55
9
55
41
59
58
58
14
15
60
4
61
48
55
44
57
60
26
19
44
49
55
22
4
49
67
13
10
26
41
25
69
15
22
54
45
36
53
61
5
7
61
32
69
41
48
49
64
1
22
26
36
49
50
7
45
60
41
58
4
58
26
32
14
26
15
31
15
9
41
61
7
36
45
44
54
4
57
13
58
14
19
14
13
54
53
57
1
10
32
50
41
31
41
7
9
25
53
19
13
45
69
59
15
40
4
55
22
69
67
40
31
45
48
12
58
69
60
19
64
60
4
44
57
50
61
64
40
48
7
49
19
53
57
69
57
9
25
22
60
19
26
13
48
36
5
55
5
59
41
25
69
55
10
1
55
40
12
54
4
7
19
19
4
53
48
36
9
40
15
19
55
58
4
25
67
55
50
14
64
58
1
5
58
25
64
1
9
7
25
26
15
58
26
22
60
60
57
9
57
45
15
4
26
41
58
61
49
57
60
5
53
54
15
7
4
12
67
14
40
25
22
57
9
32
9
48
41
7
1
15
32
53
53
50
13
19
45
48
50
15
54
14
12
54
58
19
5
10
1
64
69
41
10
26
25
10
59
55
55
31
45
49
61
49
60
59
1
48
13
12
44
69
19
7
58
41
59
55
49
7
69
48
31
48
58
15
60
64
7
13
45
32
9
57
19
69
32
31
4
67
58
44
22
4
13
53
64
13
1
14
50
57
7
5
40
22
45
60
26
53
12
36
55
26
12
7
69
19
50
4
25
32
22
41
60
50
22
50
12
69
55
55
25
69
15
19
31
4
58
53
58
15
57
55
25
31
67
12
5
41
4
14
59
60
48
53
59
57
58
50
13
53
44
4
53
22
55
15
67
49
50
50
32
67
64
59
57
15
55
53
55
61
1
4
48
10
40
14
36
40
15
60
64
15
54
1
15
41
45
61
19
67
57
31
59
22
44
50
40
64
59
69
41
12
36
41
41
64
7
59
60
5
22
64
40
50
14
48
1
10
54
53
15
59
31
54
57
40
55
48
53
19
60
60
64
9
67
14
69
61
54
12
50
13
10
10
55
69
5
60
7
60
69
53
5
25
44
48
22
64
1
61
60
4
1
36
22
14
31
53
61
64
44
69
15
1
25
69
25
7
12
44
31
58
53
36
59
7
25
4
48
15
49
60
48
41
4
4
61
1
40
54
31
25
64
54
5
53
60
48
61
58
32
36
40
26
12
7
64
22
45
69
10
13
67
15
60
9
9
4
49
59
44
57
1
32
55
50
59
13
61
32
19
36
22
5
12
31
53
60
58
26
69
50
22
45
55
60
41
19
44
10
49
45
44
69
32
54
59
57
14
50
36
41
19
59
19
57
7
12
59
53
22
4
14
5
9
26
58
19
61
5
40
22
53
58
45
5
22
15
15
10
36
19
45
55
54
60
5
4
4
22
59
22
61
36
55
5
45
19
25
45
59
67
13
7
19
40
13
45
19
5
36
25
49
26
9
58
7
69
15
9
58
49
41
15
60
12
9
54
26
15
1
50
31
45
64
15
57
61
26
58
61
15
49
32
5
12
31
54
12
4
26
41
7
14
53
32
58
59
25
61
22
14
31
22
67
12
61
10
48
13
13
10
58
5
19
41
4
7
15
7
15
32
45
32
31
7
53
49
60
31
48
64
69
60
1
67
4
25
64
14
32
58
19
50
14
54
1
57
26
12
13
55
50
50
58
