10
109
50.0
5
11
51
55
96
10
53
75
22
23
74
77
61
11
46
92
80
55
104
107
20
33
95
36
12
7
90
74
30
57
50
34
55
25
84
82
55
31
33
38
61
64
60
79
15
11
3
41
104
14
106
48
17
106
9
101
100
80
68
62
33
29
3
72
17
91
7
17
94
18
44
28
43
55
33
1
66
72
39
21
5
84
42
62
44
9
49
14
3
16
81
8
87
17
83
44
71
4
104
84
70
47
88
11
40
85
27
71
83
90
52
67
59
103
25
57
35
7
105
8
102
37
76
83
88
58
54
100
54
18
99
88
18
6
91
25
102
7
8
84
19
3
14
91
3
26
26
99
99
57
26
42
98
89
44
9
90
58
48
19
65
2
107
90
84
57
90
14
52
61
44
89
88
14
73
25
52
48
78
93
99
88
7
14
42
57
88
33
32
76
18
73
97
7
55
90
18
68
44
95
52
102
69
61
74
78
88
11
78
3
26
26
44
87
62
7
3
0
8
27
99
61
81
78
55
10
33
42
7
29
89
61
83
26
89
58
5
84
45
104
8
81
17
83
86
83
45
11
29
14
107
99
1
45
43
74
8
99
72
17
3
1
32
76
100
80
88
63
55
48
95
26
52
108
45
97
87
71
73
19
24
90
25
33
102
18
68
5
7
100
8
80
84
42
61
48
84
43
100
55
106
54
106
72
73
26
33
18
55
90
99
71
54
14
11
97
45
91
44
89
84
95
13
71
72
58
7
78
55
87
29
33
14
10
8
76
97
99
87
48
54
19
97
26
11
55
80
99
97
10
100
18
72
100
25
45
5
27
55
74
90
7
72
45
44
84
78
48
97
48
73
87
58
81
52
17
84
107
1
102
100
44
100
78
54
8
3
17
27
74
62
100
81
80
33
102
74
10
44
54
95
80
78
56
55
33
9
8
1
107
62
73
33
17
52
26
88
1
97
97
54
17
54
100
13
43
84
29
87
83
107
44
97
7
26
88
11
83
54
43
14
44
7
33
102
25
54
83
57
5
10
48
89
48
97
8
72
90
48
71
3
32
11
87
74
91
99
44
48
33
45
62
83
81
87
18
80
72
32
8
72
88
1
72
97
27
42
25
95
32
57
52
95
83
48
72
80
83
102
18
88
91
32
27
54
9
29
81
9
25
57
68
42
74
81
100
88
7
58
27
83
81
95
72
87
19
89
78
18
18
25
9
29
3
3
102
3
7
58
73
97
83
32
99
8
95
88
42
27
44
90
54
45
87
27
55
19
1
62
8
10
100
17
100
76
25
45
73
106
61
19
13
19
5
29
44
97
88
81
27
81
76
89
74
91
44
62
76
97
74
10
104
55
26
100
7
68
72
7
45
25
29
8
26
62
10
44
1
102
62
48
44
57
19
32
13
97
52
54
90
106
100
11
13
19
76
76
27
89
104
99
32
73
102
29
73
76
7
9
8
84
89
19
99
57
13
48
13
84
1
61
91
7
9
11
18
81
106
90
54
91
78
97
83
106
100
19
11
32
87
71
44
76
45
26
68
18
29
107
42
104
78
29
55
48
44
33
81
102
17
84
71
42
84
48
14
68
88
102
72
91
83
99
48
83
68
97
1
9
7
84
29
84
32
7
7
43
81
99
88
80
48
25
5
72
13
89
88
17
80
19
1
33
29
100
104
11
104
91
73
13
106
72
5
81
78
45
52
74
81
11
9
8
72
44
43
33
99
71
18
107
61
95
71
99
102
72
5
89
88
27
100
13
57
25
81
71
61
100
84
102
81
76
61
13
57
3
32
71
26
87
18
9
68
73
62
73
102
74
76
26
81
95
61
9
78
45
29
42
18
73
71
61
52
5
11
74
106
100
76
78
9
26
88
71
26
104
61
100
1
76
17
106
95
3
72
27
99
17
58
17
90
1
104
80
42
25
80
78
99
8
107
10
45
83
91
74
27
52
88
7
107
104
7
9
27
29
3
26
11
8
81
78
7
84
54
11
25
107
97
102
102
106
87
11
73
91
9
100
26
26
44
1
62
27
3
25
3
54
104
44
84
9
73
81
13
32
17
9
74
57
80
13
100
18
90
73
80
48
106
25
95
107
44
54
1
25
44
87
19
29
9
95
43
88
29
84
43
62
27
5
17
104
54
32
43
58
27
106
52
104
91
42
19
9
95
48
88
87
57
76
18
97
104
97
83
55
71
80
1
100
81
57
44
102
78
71
78
42
10
84
80
32
17
32
5
87
91
7
5
54
25
78
100
84
76
43
55
104
58
