10
41
50.0
33
19
16
18
26
12
4
14
3
4
11
29
14
30
31
35
22
12
4
14
38
32
7
0
4
21
37
9
5
15
33
10
24
2
12
13
3
32
37
20
13
33
1
12
13
37
17
5
8
24
36
6
32
37
31
23
39
28
25
37
8
40
32
24
4
7
11
7
5
33
27
20
10
12
7
5
12
7
6
32
31
14
14
24
3
12
33
33
7
7
13
4
12
1
33
1
8
36
37
8
14
13
37
34
13
24
34
7
20
29
36
8
13
20
6
1
37
34
10
3
13
3
14
32
31
4
3
5
3
20
36
5
12
29
37
13
8
37
13
14
20
36
20
20
37
14
33
10
34
3
13
6
37
20
11
29
36
32
37
1
33
12
4
29
12
34
36
7
8
32
7
13
14
5
4
20
8
10
7
11
4
7
37
31
13
31
34
32
5
1
1
14
1
14
14
11
37
29
31
14
33
1
3
34
33
37
3
6
29
11
11
33
13
11
24
6
36
29
4
31
11
29
34
7
14
4
14
6
12
5
14
33
24
11
10
5
13
33
24
6
1
8
37
31
31
31
31
37
11
8
14
4
24
31
12
29
12
8
20
10
1
24
4
32
13
34
4
31
7
7
33
11
12
13
14
6
31
24
4
36
31
1
5
14
34
33
29
6
14
11
6
32
14
31
29
29
11
14
32
14
24
33
8
14
8
1
33
31
3
11
8
34
4
4
11
36
34
7
24
13
10
37
3
13
20
37
33
36
8
12
3
29
1
4
29
33
5
10
13
31
11
36
10
12
13
34
29
12
29
10
33
37
36
14
12
37
34
24
33
7
6
14
33
7
13
37
6
14
20
5
1
1
7
1
1
13
32
33
6
20
24
5
37
24
10
8
6
13
12
20
33
8
36
8
14
8
37
20
12
24
4
13
37
34
32
37
8
10
3
3
29
6
34
32
36
24
4
12
36
6
20
1
29
6
4
11
1
5
10
8
5
33
14
7
32
24
33
10
20
31
7
4
32
29
14
6
31
12
33
10
5
14
6
10
4
29
10
7
13
7
5
11
37
1
37
13
11
7
1
14
31
20
10
3
24
5
37
32
6
4
33
32
14
24
1
6
8
6
6
36
29
3
5
6
29
10
3
29
14
8
4
31
12
32
33
34
10
34
33
3
24
34
36
7
1
1
7
5
37
37
11
6
1
24
33
24
6
20
34
29
33
31
33
37
20
33
12
32
5
3
33
8
13
31
12
11
8
37
12
31
24
10
20
8
31
10
33
13
11
6
32
5
14
29
1
1
20
7
33
34
33
29
34
11
32
34
6
36
7
11
33
4
29
24
32
20
11
5
5
13
20
37
36
31
11
29
37
13
24
33
4
8
12
4
3
3
36
5
6
8
32
37
5
3
20
10
5
29
5
11
36
4
33
4
13
24
33
6
20
13
33
31
3
10
32
3
36
29
5
31
14
12
5
7
13
36
32
10
4
3
1
3
4
11
10
11
5
13
8
11
37
36
13
6
24
10
29
1
34
33
24
5
12
37
7
20
14
8
24
12
29
32
10
11
33
8
11
8
12
12
1
13
34
24
11
36
29
36
20
3
11
34
13
24
6
29
14
31
5
14
13
32
32
37
3
29
7
4
10
37
32
31
7
1
20
7
11
11
1
14
32
3
36
34
31
11
36
34
29
31
3
36
29
8
37
33
11
20
34
32
3
37
14
36
37
36
14
7
34
24
10
10
20
10
36
4
6
5
10
32
29
34
34
6
34
5
24
1
12
37
36
8
12
13
8
20
29
10
34
7
33
11
11
1
6
20
7
34
37
3
29
6
10
32
37
6
7
7
11
5
5
29
31
36
1
24
7
6
10
5
8
29
24
36
24
33
29
29
14
7
4
34
36
4
29
13
7
20
24
33
24
4
33
7
13
14
3
20
10
3
29
11
6
36
33
37
24
3
31
33
29
20
14
29
34
5
32
24
14
12
10
12
12
3
34
37
20
29
37
4
37
33
20
11
31
1
1
6
32
4
36
3
3
6
5
36
20
36
36
4
6
20
36
3
20
36
5
33
33
13
31
24
32
12
3
24
3
29
24
10
7
24
29
4
36
24
4
7
24
20
14
14
14
14
14
29
6
31
3
20
31
12
7
10
4
14
12
14
20
31
31
4
36
33
36
5
7
13
13
4
7
32
10
5
1
6
33
12
20
1
11
8
8
13
5
10
13
37
8
31
7
33
37
10
29
12
3
7
7
12
4
13
24
33
36
7
29
13
8
13
