10
89
50.0
2
87
3
25
17
23
70
26
52
35
82
34
68
54
10
29
13
88
5
0
60
33
63
4
0
81
56
79
9
61
49
8
36
69
12
72
20
78
13
39
80
1
51
44
64
59
21
82
27
55
79
45
53
24
43
1
30
86
47
87
31
30
18
38
45
29
7
26
42
27
73
84
85
74
0
28
86
88
83
75
29
59
28
7
66
73
20
88
74
22
37
47
32
73
50
79
65
87
46
64
57
86
77
7
26
12
32
48
26
25
62
67
27
49
19
47
6
43
16
11
16
22
30
16
21
30
27
21
20
13
26
1
12
40
86
32
21
15
14
50
12
87
16
88
86
28
36
73
19
22
13
29
19
26
50
21
19
19
58
62
39
79
74
36
40
86
48
45
1
1
86
64
0
62
58
45
74
76
28
30
62
46
45
64
21
19
27
37
47
1
41
26
86
0
27
26
79
0
64
28
29
19
45
37
83
46
37
75
32
48
25
7
80
47
80
33
71
26
46
45
22
36
13
37
26
19
0
86
64
59
58
19
76
46
25
0
28
64
26
80
29
21
13
28
30
75
36
40
0
79
79
74
40
29
32
47
0
39
37
39
29
58
27
12
16
47
62
46
73
46
30
48
49
28
49
79
50
75
25
19
20
21
33
0
48
21
47
45
79
59
46
47
79
39
84
82
46
1
16
1
7
37
39
27
46
84
27
39
28
37
16
22
83
49
59
26
84
45
80
32
21
73
25
32
84
46
64
36
87
59
40
62
73
29
12
50
58
36
1
45
75
50
13
40
20
46
49
40
45
49
80
79
0
79
46
32
45
48
58
83
21
30
79
50
49
49
75
59
40
12
37
82
48
58
64
21
48
22
48
47
39
13
82
75
45
74
73
36
20
73
83
19
84
47
26
82
33
83
13
75
58
20
58
27
28
46
29
37
13
19
88
21
37
73
46
37
80
27
7
28
12
75
7
32
76
47
43
64
58
50
1
20
62
28
48
49
64
84
74
84
58
86
80
73
79
36
21
76
45
7
64
25
88
12
20
80
0
37
43
21
46
74
82
76
39
36
7
47
50
87
25
33
64
82
25
21
19
12
49
75
26
39
16
62
37
26
45
87
40
83
83
36
32
25
74
27
87
27
20
88
28
13
62
86
88
73
87
37
76
16
13
82
58
75
74
43
47
46
74
20
40
84
82
83
86
79
75
75
47
87
50
50
88
28
75
82
86
16
83
1
16
79
58
28
22
86
48
45
48
79
22
84
48
87
59
45
86
75
87
84
37
21
40
87
84
79
20
46
74
46
49
88
0
7
79
59
39
47
75
49
40
27
40
40
64
0
48
13
20
25
43
83
62
7
47
26
29
16
28
26
83
16
29
86
30
30
46
48
19
0
62
74
73
36
19
73
12
73
1
33
48
87
22
33
13
50
49
59
19
86
82
37
40
36
25
27
84
26
13
7
64
47
22
12
36
7
39
62
33
30
27
46
64
7
22
22
80
59
88
62
25
19
86
84
75
0
36
47
12
27
58
50
88
64
76
59
47
46
46
28
58
48
58
64
20
43
40
0
37
64
26
32
49
29
58
32
76
1
36
49
75
82
73
13
75
25
84
43
49
59
62
26
49
84
59
0
21
47
84
59
36
64
27
59
82
1
74
84
83
59
1
83
43
37
84
26
74
88
29
32
84
82
62
79
13
79
45
37
37
46
13
19
36
80
84
13
40
50
46
59
30
13
50
7
37
16
26
32
29
45
21
12
87
46
39
0
87
64
21
28
21
20
43
79
19
58
46
0
84
79
26
76
80
28
45
64
46
45
47
26
58
75
33
64
75
80
48
45
48
88
82
7
84
0
26
22
86
43
79
40
22
20
21
48
16
47
33
88
21
82
76
50
79
39
74
40
26
86
20
40
40
82
45
16
62
58
16
45
33
25
84
22
59
87
86
59
33
40
30
48
64
82
39
48
13
25
27
1
1
16
22
86
22
19
37
47
19
29
37
16
26
49
12
47
79
86
74
62
45
0
37
21
86
30
27
74
73
37
29
86
40
62
7
30
39
88
80
62
83
88
20
1
50
59
75
50
46
58
50
27
73
16
19
83
84
1
16
84
58
7
29
83
46
49
64
26
39
27
28
48
43
47
74
26
21
58
49
84
74
58
13
46
1
50
88
62
64
79
0
64
20
88
29
22
30
30
43
22
28
43
59
59
19
58
28
83
19
86
29
48
47
87
20
84
37
74
75
73
84
64
50
86
62
16
74
22
1
28
22
82
