10
65
50.0
55
59
38
33
63
10
44
2
52
4
20
54
5
12
47
19
46
7
24
57
16
27
49
41
17
26
32
11
8
49
13
18
12
35
22
31
36
30
28
40
40
40
43
39
63
37
23
36
42
62
10
29
62
1
15
49
61
37
53
34
18
37
40
28
38
56
4
49
31
4
33
63
64
35
14
38
11
40
49
37
58
57
49
50
49
63
50
40
49
11
39
11
39
31
15
10
11
60
62
60
35
36
57
18
40
3
49
23
33
36
50
60
18
31
31
46
4
50
10
18
3
37
51
11
21
35
45
48
13
11
31
40
6
56
63
15
45
15
0
50
12
63
23
14
15
13
56
28
45
51
60
36
63
1
36
1
45
46
23
15
46
60
28
12
63
23
49
15
15
64
6
6
3
37
62
46
14
38
12
40
14
36
51
39
1
9
1
38
45
23
15
62
64
18
40
25
11
39
46
50
46
18
37
12
62
31
45
38
45
39
11
31
6
36
60
64
10
14
15
49
51
14
60
33
64
23
35
11
64
64
14
39
13
6
12
28
10
64
6
49
12
49
12
10
9
62
4
56
4
45
6
14
51
9
51
46
36
15
28
51
1
11
33
6
35
33
46
46
13
63
63
35
10
60
13
15
35
14
33
37
13
11
9
60
37
11
9
13
9
15
35
62
13
64
39
28
14
6
9
63
45
12
50
31
37
51
12
6
63
15
45
13
33
60
23
31
33
13
56
11
40
49
6
62
23
23
38
60
35
57
14
10
23
64
45
56
40
60
3
56
18
13
4
49
37
39
12
1
51
4
39
37
15
4
31
10
10
33
45
56
6
62
49
56
64
3
14
15
40
37
51
56
18
38
37
38
56
51
1
62
38
4
9
56
28
18
38
62
11
9
14
62
45
10
57
36
14
1
12
6
33
14
23
60
39
35
45
35
10
10
1
51
35
9
15
40
37
51
50
62
37
63
3
28
9
10
60
45
33
28
50
12
38
11
38
39
63
51
14
40
9
31
51
57
1
11
1
31
9
1
15
15
49
38
23
38
3
35
14
36
11
50
4
57
4
60
60
31
3
40
56
38
64
39
18
31
15
3
18
1
37
49
28
60
4
31
1
11
46
36
45
56
31
23
35
40
23
9
23
28
31
11
36
46
56
13
28
35
18
64
11
15
57
56
45
1
15
35
14
63
46
15
31
31
13
50
40
33
11
45
15
36
57
3
4
11
50
6
57
57
62
35
23
46
57
1
28
38
13
31
64
37
3
35
63
9
1
14
13
15
15
1
15
38
3
63
9
18
15
37
56
11
13
9
45
14
57
63
31
63
12
39
36
40
60
56
62
13
60
51
45
46
49
10
36
14
50
23
11
23
1
13
40
4
3
4
37
50
46
15
60
51
50
33
38
45
60
14
13
13
14
50
10
64
39
6
45
1
31
39
57
56
60
35
46
57
51
39
6
28
4
51
1
45
12
37
11
18
31
64
39
64
23
6
46
63
35
18
18
11
3
51
9
9
12
36
36
51
40
35
11
23
6
63
10
18
38
10
56
1
64
60
60
10
13
45
64
28
62
51
39
11
3
39
4
11
36
6
10
64
57
40
18
36
62
38
4
40
6
10
63
35
33
18
40
13
51
11
57
39
57
23
9
6
6
1
33
11
31
1
18
13
13
15
36
9
39
13
37
14
63
45
15
49
62
35
12
9
50
39
38
49
51
35
31
14
15
28
40
28
63
51
60
12
62
10
56
37
12
23
13
51
60
50
62
35
35
9
40
49
62
6
13
50
50
56
3
10
45
23
33
18
37
63
13
6
3
18
9
49
50
11
10
46
45
45
15
23
35
46
23
1
33
45
36
9
10
35
56
12
63
45
56
49
11
37
35
63
56
50
28
12
56
15
33
50
46
28
37
9
9
31
10
31
49
15
13
50
15
39
1
35
56
64
38
4
37
36
62
15
45
6
39
39
45
6
1
13
63
46
3
36
33
35
11
31
15
57
38
38
28
28
14
15
64
28
6
12
56
39
49
10
3
31
6
39
38
60
33
35
18
13
33
3
49
12
10
46
60
60
36
40
45
64
31
12
63
49
40
62
36
10
35
38
45
23
39
33
4
12
6
63
37
18
63
45
18
15
3
46
4
18
49
63
23
33
37
31
57
35
36
40
31
36
31
45
49
37
4
38
45
13
15
31
12
6
50
23
46
18
1
64
12
57
40
60
1
62
28
14
35
12
3
38
15
4
15
3
23
49
3
23
46
11
49
38
10
50
51
46
