10
47
50.0
15
37
18
34
33
3
30
22
0
8
20
32
20
4
31
5
19
29
19
33
45
12
13
46
41
23
35
32
42
46
24
25
28
14
7
27
32
38
12
45
11
22
32
42
1
42
45
36
20
12
32
28
21
6
46
31
19
44
17
10
40
31
6
12
45
39
29
31
30
22
6
46
31
31
7
33
28
40
6
26
45
26
29
20
1
6
28
45
1
31
12
16
16
26
30
1
29
12
40
39
19
40
40
12
9
26
46
31
30
46
22
45
42
40
2
43
30
16
20
32
42
30
42
39
9
32
45
2
22
1
6
28
26
29
10
7
45
20
30
39
19
7
30
2
28
19
28
29
10
40
45
2
2
29
30
20
1
7
46
6
31
1
6
46
31
10
9
30
40
32
29
39
33
7
39
46
39
43
6
2
1
10
30
22
12
32
9
39
26
16
40
42
19
9
40
26
40
40
7
39
20
32
33
9
1
9
7
39
42
16
12
46
31
45
43
28
40
20
19
16
26
19
46
33
40
22
22
40
22
16
12
16
32
33
10
20
31
28
29
40
33
42
26
19
31
10
16
16
39
29
45
30
12
22
39
45
29
43
26
43
6
19
19
10
12
40
22
9
42
33
30
12
40
26
42
46
46
43
2
9
33
32
12
33
7
16
20
26
16
45
45
43
6
45
30
16
39
45
16
45
7
33
46
6
31
19
2
43
10
28
26
10
46
10
9
20
43
2
42
1
39
6
33
1
20
7
32
10
20
16
6
28
7
26
22
40
12
6
30
7
12
46
43
10
33
12
33
39
10
10
28
22
31
6
20
1
40
2
7
22
12
30
28
9
26
26
7
19
2
42
28
33
28
32
7
26
42
16
46
7
29
9
9
29
46
19
26
30
6
30
10
6
2
40
9
22
29
40
2
45
29
30
20
6
12
19
40
16
40
40
20
43
26
43
42
12
32
42
45
31
39
32
29
30
7
40
26
40
40
2
29
19
46
40
12
10
33
1
43
46
29
28
16
2
31
12
9
6
1
28
28
16
31
40
31
45
2
46
7
19
1
9
45
32
22
39
45
31
22
22
30
12
6
26
42
45
6
16
46
30
40
7
28
28
46
6
22
19
6
10
26
39
46
33
20
10
19
30
46
9
22
42
28
28
2
2
12
2
16
2
39
20
39
40
46
40
42
22
20
19
30
29
45
40
39
46
30
45
22
7
16
43
12
33
16
2
7
32
20
39
32
29
16
12
16
40
7
45
2
7
20
28
9
46
28
32
31
28
10
2
30
26
45
20
45
40
42
30
19
10
30
22
26
42
19
29
29
26
39
29
1
1
33
39
16
22
12
39
40
39
20
6
39
32
6
42
6
16
6
29
12
20
32
12
46
39
20
9
16
32
39
22
31
26
16
31
9
12
7
16
28
2
43
45
7
45
20
16
30
10
46
1
12
20
16
39
19
30
22
20
16
19
42
1
28
40
39
26
26
9
10
9
45
19
28
39
42
29
12
40
1
46
2
20
46
30
6
19
26
6
42
26
40
6
46
45
2
19
31
39
28
31
7
12
43
32
26
19
22
39
1
28
31
7
33
7
16
19
12
2
43
26
12
28
46
29
10
9
28
39
7
32
7
6
28
31
43
28
2
39
22
22
40
10
16
43
43
16
7
45
26
16
33
42
12
40
42
9
12
29
39
46
32
45
2
42
30
20
22
33
1
10
45
31
40
32
33
16
26
2
40
10
46
6
26
32
10
33
20
32
40
1
40
32
45
6
46
26
2
20
16
19
46
10
19
16
32
12
2
1
19
32
22
45
9
19
40
33
42
6
40
31
30
6
22
33
22
29
40
39
26
10
7
10
20
19
29
39
30
7
33
42
29
45
26
10
42
39
19
9
7
10
9
12
32
6
7
45
31
22
20
10
20
29
42
7
46
7
19
7
29
7
2
39
2
29
16
1
31
19
26
28
2
16
46
16
1
28
16
16
45
43
26
28
12
28
32
20
33
7
43
9
33
42
1
22
20
31
40
26
7
7
43
40
39
33
32
1
43
45
22
6
20
45
33
29
33
7
1
9
28
28
40
10
46
28
22
2
10
7
1
45
12
42
32
20
19
2
43
6
42
45
1
30
7
2
1
12
42
28
10
39
22
29
28
46
26
29
12
40
29
32
28
10
42
1
6
46
22
29
28
32
33
33
12
9
33
42
33
26
22
33
9
26
46
26
9
9
43
12
1
40
9
12
42
45
19
46
12
39
29
46
32
43
30
2
46
10
26
42
