10
85
50.0
35
12
59
63
17
10
22
3
77
29
73
36
58
43
18
19
49
3
51
9
66
48
59
31
83
21
57
4
39
56
52
45
38
78
2
19
70
68
84
3
72
37
80
64
81
32
6
24
50
57
17
44
69
75
55
73
9
83
31
17
83
17
54
65
59
56
25
20
26
68
7
40
83
9
16
20
1
8
60
9
23
0
79
74
40
62
31
11
30
53
13
42
17
18
74
16
20
57
82
74
28
47
3
28
19
61
60
75
53
48
2
71
13
9
28
68
59
21
48
57
3
77
59
74
28
13
1
57
1
76
3
13
54
60
41
71
1
56
77
74
73
1
19
79
19
34
20
15
28
47
12
48
73
16
68
71
60
28
28
26
23
21
54
54
73
83
2
47
18
74
1
48
18
14
60
2
23
60
75
13
75
32
28
26
67
27
75
3
27
28
26
13
23
40
75
26
23
1
18
0
53
47
59
73
17
48
40
5
74
27
77
27
26
57
4
83
62
33
68
20
26
67
54
68
18
48
48
61
13
75
21
9
16
73
61
20
75
20
20
58
62
56
31
61
9
27
0
54
62
40
57
21
5
5
73
83
28
0
14
56
60
0
58
75
27
47
20
3
59
2
31
77
77
57
1
23
4
59
4
62
21
57
53
20
16
46
40
31
54
58
60
48
73
17
23
19
61
73
31
27
75
5
18
40
28
32
58
60
73
73
71
17
77
32
56
68
0
53
9
31
18
16
54
28
53
5
23
83
26
75
59
73
56
26
9
13
58
59
5
18
23
79
9
73
13
83
31
20
5
53
61
75
79
13
14
79
68
9
83
40
57
26
26
3
32
56
16
79
18
73
73
27
57
62
58
32
19
62
60
27
53
57
57
20
3
23
40
13
0
3
32
32
59
21
28
27
13
2
3
9
56
61
58
16
74
21
62
0
31
28
2
1
73
16
18
31
26
27
4
17
9
68
17
18
53
19
4
62
60
57
61
4
4
5
20
28
31
13
75
9
73
57
68
47
12
32
18
21
19
12
31
2
60
12
16
60
74
5
71
23
47
19
13
9
75
61
21
21
57
54
32
18
26
19
3
0
31
28
16
74
56
74
61
56
5
12
32
56
17
61
61
58
16
21
19
1
68
32
48
5
20
60
79
75
62
75
12
19
59
61
83
68
4
68
47
16
57
9
20
61
16
47
26
16
2
67
77
77
0
16
27
60
12
23
21
40
17
20
83
27
68
14
4
3
19
1
77
12
59
23
23
27
17
27
75
67
19
53
54
71
0
58
73
14
16
58
58
0
62
58
31
1
74
16
48
40
74
77
53
73
59
40
74
68
14
23
23
61
17
56
12
13
59
83
62
32
32
68
62
18
77
40
74
1
40
32
26
3
68
1
48
5
14
5
28
56
74
47
40
68
31
48
60
48
17
5
48
5
75
3
62
79
62
73
58
73
71
17
31
48
61
23
23
58
74
5
40
3
47
53
74
32
47
0
74
3
19
18
9
79
40
0
77
60
75
5
2
71
21
32
74
60
62
32
54
1
27
12
2
73
68
14
13
12
12
27
60
61
17
56
1
68
61
21
0
0
27
28
71
19
4
77
27
58
13
40
40
31
40
27
40
54
48
67
62
59
1
31
5
71
56
75
83
75
20
68
28
56
14
26
58
56
40
4
28
0
53
31
58
5
75
16
48
56
32
19
12
71
9
3
26
5
14
28
18
32
58
2
20
0
27
59
13
31
17
26
58
71
12
0
67
27
79
54
32
57
47
48
0
77
19
14
31
13
23
75
79
23
71
58
13
73
19
26
57
1
71
26
73
2
0
75
54
16
48
67
57
12
77
16
71
12
62
75
83
61
57
20
4
60
60
2
14
54
71
47
48
26
21
5
14
75
31
20
74
26
77
48
3
18
13
20
57
2
71
28
77
62
47
18
5
71
47
23
73
4
23
26
61
14
31
32
47
17
54
79
23
27
21
19
83
68
57
54
73
54
27
31
3
14
57
13
2
77
73
62
59
13
77
77
47
9
31
79
9
28
9
5
19
32
20
74
68
9
77
32
74
14
68
20
19
13
68
19
47
16
47
56
4
75
56
77
31
5
19
62
54
68
23
56
31
16
13
12
54
17
27
59
54
40
53
54
61
74
59
3
67
20
21
74
3
19
13
26
20
48
18
71
4
9
13
59
73
79
73
26
3
58
79
28
75
68
2
47
21
60
71
74
4
57
53
59
18
17
3
58
28
28
27
0
54
19
62
32
47
67
73
2
17
67
