10
40
50.0
36
31
3
35
7
16
20
30
23
16
1
1
4
25
2
32
30
12
5
21
23
27
9
32
30
11
5
26
3
5
0
17
16
18
28
34
24
30
8
6
30
32
20
25
32
19
26
23
16
14
10
16
23
26
25
16
3
32
38
1
4
36
22
30
29
23
33
5
17
29
5
17
3
3
38
34
26
29
39
37
32
16
34
36
23
6
25
32
4
17
4
13
27
3
17
29
6
6
26
17
32
20
20
20
26
6
5
30
27
30
38
3
15
5
36
27
36
27
20
26
17
38
4
30
36
36
3
38
29
27
34
6
32
27
36
5
16
3
5
29
38
36
38
17
32
20
25
1
23
5
34
17
34
15
20
3
5
34
32
38
4
15
20
35
3
34
38
36
29
23
29
32
25
30
26
38
25
35
17
4
32
5
16
20
38
36
38
29
1
1
26
29
35
25
26
1
32
25
29
23
38
29
15
5
38
6
34
30
6
4
36
38
32
17
23
38
5
1
29
32
26
35
17
26
1
32
29
29
32
15
6
27
16
30
3
32
15
27
26
34
26
16
15
4
15
6
4
15
25
32
1
35
35
4
25
34
35
27
6
38
1
29
17
26
34
26
16
27
5
6
27
16
17
25
6
30
4
3
26
27
25
26
25
27
25
27
26
30
20
36
23
34
35
36
29
36
25
20
27
4
16
34
20
26
27
26
20
27
20
3
25
32
3
6
17
27
27
25
5
5
38
1
35
20
16
36
35
25
6
16
34
27
5
30
3
27
38
6
36
36
3
4
5
29
30
3
5
5
26
35
6
16
35
35
35
35
20
30
3
5
27
29
35
1
4
6
29
38
25
26
29
30
29
29
36
23
4
1
35
4
23
1
26
30
16
36
34
17
17
34
30
29
6
15
20
27
6
25
1
36
4
26
3
17
25
5
17
16
29
27
32
5
6
6
27
27
27
4
38
27
26
6
25
27
16
32
38
15
32
30
27
3
5
4
30
4
32
38
29
1
16
17
16
26
16
15
35
4
35
16
16
29
15
25
32
29
4
30
35
36
36
4
16
1
38
29
4
15
30
16
23
5
34
4
6
23
35
5
20
34
23
23
5
27
1
38
16
5
16
1
1
15
6
17
6
15
1
23
6
17
32
17
25
30
6
15
26
32
1
3
6
1
4
26
16
17
15
1
29
20
36
30
6
29
36
27
1
35
17
30
30
25
1
6
38
27
35
38
38
16
17
1
27
1
27
25
38
32
25
26
25
17
1
36
27
20
6
3
17
38
35
27
5
1
32
38
4
5
20
4
16
23
27
4
17
25
5
1
3
35
25
30
5
1
16
20
30
23
30
29
36
17
26
36
25
30
30
20
38
34
17
15
23
32
29
20
1
16
23
20
34
27
4
36
17
1
38
27
15
38
38
32
16
20
4
4
29
27
23
16
34
17
27
34
36
32
30
3
5
26
4
25
25
27
20
20
5
17
36
30
30
36
23
32
3
16
17
6
3
34
35
3
16
35
23
16
4
4
32
23
6
4
30
15
6
36
25
4
6
32
32
26
35
36
16
23
30
16
4
20
23
36
5
15
26
5
5
29
23
5
17
36
16
30
23
1
36
20
17
34
29
1
35
35
16
38
34
34
32
3
25
16
17
1
25
34
26
30
6
29
3
27
3
27
17
30
30
6
23
29
32
35
5
30
17
35
1
23
15
35
38
16
15
1
23
6
26
4
3
5
15
25
32
36
36
30
36
23
34
35
5
27
5
34
1
25
23
17
4
5
27
16
1
35
17
17
25
32
36
26
6
20
32
17
38
35
20
26
1
29
30
26
23
25
32
5
23
23
34
27
16
16
5
1
1
30
6
3
26
20
5
4
3
34
35
30
34
15
36
27
25
34
15
16
17
29
3
4
36
34
6
30
26
16
16
30
35
29
27
29
32
25
1
6
16
6
16
35
30
15
35
16
32
34
5
6
5
17
20
34
4
15
36
34
36
5
25
1
6
38
23
20
23
32
15
5
6
17
27
34
36
36
1
34
27
25
17
16
6
32
15
36
16
1
36
20
3
5
38
30
29
15
25
32
27
4
3
1
5
36
4
3
30
35
32
38
23
27
30
6
35
27
3
23
1
4
38
34
3
20
20
30
4
16
23
17
17
26
34
3
23
27
35
29
17
32
30
15
23
23
15
1
34
35
17
23
15
17
36
16
20
26
4
30
5
5
27
4
5
32
30
34
4
29
29
36
15
26
3
32
15
6
5
25
30
36
15
23
5
4
