10
96
50.0
53
10
48
26
39
74
78
57
49
25
63
58
91
80
51
53
85
37
36
52
86
30
32
61
34
60
19
93
9
75
8
89
4
81
18
69
92
23
88
80
64
47
81
50
84
0
57
34
19
4
44
79
76
45
24
41
68
5
15
65
7
72
29
66
49
38
13
73
67
16
22
94
76
2
22
24
53
53
47
82
6
37
87
65
4
15
43
13
46
23
5
24
59
53
71
24
21
24
89
14
64
57
16
67
23
57
20
40
28
14
4
57
24
11
44
22
95
74
29
90
27
1
33
55
41
49
57
70
9
70
8
31
13
94
49
57
57
75
35
62
9
58
89
76
67
35
70
66
81
19
42
94
4
80
81
23
94
89
75
81
5
8
49
63
54
53
62
66
18
17
41
89
76
3
8
34
21
80
40
55
29
53
46
4
75
55
56
41
75
23
5
31
54
41
64
37
75
62
40
17
16
55
34
44
12
80
9
54
47
47
77
63
9
16
66
29
83
4
70
54
81
58
80
41
75
27
16
35
35
13
9
22
16
94
4
64
89
21
5
67
44
13
62
31
34
27
53
27
63
62
19
31
41
17
62
49
35
37
22
74
47
19
35
40
21
67
66
62
66
49
94
41
35
74
21
76
16
13
80
54
47
34
21
76
49
89
35
66
14
66
83
46
55
77
54
46
44
4
66
74
17
31
44
54
31
23
94
29
5
89
53
70
46
31
19
47
76
15
53
37
37
62
54
81
29
40
34
5
89
19
9
81
17
94
66
21
35
24
75
57
19
54
63
62
4
5
77
70
41
74
57
94
24
57
80
4
17
40
57
44
81
19
31
47
41
5
76
15
57
80
74
62
31
67
67
54
58
53
21
89
41
77
19
53
64
21
77
9
89
4
81
70
70
64
74
49
67
49
31
65
16
80
55
53
66
64
18
4
14
89
75
63
24
54
89
14
41
35
21
9
46
94
17
8
80
70
14
47
47
55
66
35
76
15
8
49
37
37
35
70
89
31
76
16
44
55
16
14
24
80
70
57
94
57
8
62
46
8
66
4
13
9
66
40
41
75
89
29
15
64
46
17
21
23
54
24
76
77
89
58
77
41
14
55
74
62
94
89
55
23
80
76
37
24
9
21
44
18
49
46
81
66
22
8
35
54
15
18
63
83
80
67
70
64
5
15
9
18
8
58
83
58
24
74
24
67
15
24
67
65
37
5
46
27
67
24
8
23
31
64
63
53
76
53
81
57
64
66
5
21
13
63
27
27
70
80
14
63
46
81
94
40
55
65
23
47
47
57
17
31
22
53
22
15
34
74
13
81
54
49
63
8
67
35
66
46
18
24
70
37
83
57
76
23
44
5
75
5
4
63
46
35
16
5
53
63
57
66
67
5
76
4
76
89
70
47
17
57
41
89
5
62
5
57
94
14
27
18
41
65
14
67
83
63
18
75
58
19
76
21
53
63
76
70
31
77
14
53
29
46
76
16
22
54
31
8
75
65
83
24
66
76
54
24
58
94
18
24
31
65
74
15
57
14
67
53
54
44
9
64
18
76
9
66
47
29
70
19
21
94
76
55
29
77
24
18
37
83
44
19
21
9
57
9
55
80
19
46
89
70
81
46
47
27
34
35
80
62
46
94
54
15
44
8
14
44
23
23
31
31
21
53
55
18
18
13
62
76
16
66
81
31
75
54
17
46
80
74
17
77
22
74
54
8
94
62
27
57
35
8
17
94
80
4
67
31
9
54
64
22
17
5
63
18
80
76
53
14
9
70
47
75
64
15
16
31
31
40
94
14
46
46
62
34
40
40
58
66
49
24
70
27
41
35
4
24
27
62
4
4
19
75
80
70
17
37
18
67
64
41
19
80
29
65
22
49
70
58
40
70
34
37
22
62
81
80
15
47
76
44
14
58
4
40
34
9
9
67
94
64
80
74
4
17
55
94
41
35
41
5
13
41
70
9
21
58
54
62
81
29
18
55
8
15
44
47
62
58
54
8
89
24
4
31
81
27
75
65
53
74
57
74
17
74
8
76
77
17
40
58
77
49
70
17
67
57
54
34
55
47
64
29
77
58
70
89
47
19
44
74
49
83
18
23
16
41
24
15
70
63
34
35
47
74
53
54
34
41
75
22
24
9
75
34
40
24
54
65
5
74
63
65
29
53
94
47
47
74
80
23
67
54
53
37
21
64
57
13
80
58
13
55
81
17
66
57
47
15
53
40
46
49
29
65
80
66
19
47
15
55
53
49
83
49
37
46
54
21
74
47
