10
93
50.0
34
68
47
10
8
67
79
20
73
52
37
63
84
52
41
88
3
84
56
68
42
76
17
77
31
76
27
32
38
57
49
27
70
92
83
78
54
77
4
58
52
61
62
90
45
36
91
60
68
25
58
44
7
46
12
33
44
72
46
71
65
29
14
40
81
34
36
85
82
2
58
9
6
16
58
30
69
21
19
48
76
81
1
16
77
43
34
23
75
59
41
3
66
29
26
45
44
30
17
64
13
84
29
58
17
42
62
88
35
42
72
1
40
9
18
17
11
16
24
30
66
12
3
51
64
64
44
77
74
48
86
77
66
40
15
17
9
30
71
71
18
33
46
41
21
12
89
42
30
52
72
37
77
64
46
42
43
77
29
41
9
9
82
17
22
45
62
77
58
57
40
71
76
72
62
77
27
28
46
36
81
72
77
43
19
53
55
84
71
68
40
54
36
41
43
1
48
84
87
52
36
58
46
45
33
36
53
36
18
62
68
24
36
88
1
42
46
53
50
9
46
36
30
24
84
84
21
45
9
68
62
88
41
5
26
39
1
18
44
62
33
19
57
62
26
21
77
26
54
36
45
66
43
52
76
9
57
18
17
50
40
53
57
62
80
24
37
71
37
50
53
29
64
50
54
54
37
58
29
72
29
30
46
0
72
57
46
3
62
12
43
34
33
40
36
88
57
29
12
0
66
57
9
71
68
29
46
58
53
41
19
76
48
84
40
50
19
50
82
68
40
55
33
21
26
33
18
72
64
58
77
18
43
17
71
45
48
19
21
77
12
48
24
52
53
53
34
41
64
17
5
3
81
53
3
50
66
34
24
3
68
3
84
68
76
84
12
16
12
34
50
81
43
71
12
66
17
55
27
88
64
45
54
58
36
19
16
57
44
76
77
34
16
57
46
48
36
55
9
21
30
54
62
50
12
30
64
19
9
57
24
27
84
41
34
54
45
76
19
68
76
3
36
26
66
36
72
76
84
9
3
5
81
54
52
16
24
53
84
72
82
17
84
57
88
36
52
24
50
43
44
55
1
17
58
19
42
71
26
66
3
30
36
36
5
84
37
48
1
46
34
36
30
16
40
18
45
77
58
53
71
27
9
53
44
30
82
19
19
72
0
44
54
33
40
12
16
84
64
5
45
16
68
3
41
34
36
5
81
55
50
26
19
68
48
77
30
33
58
76
34
57
16
29
24
88
57
9
37
30
30
43
34
54
19
52
50
40
43
0
36
9
37
36
48
41
33
26
88
84
5
64
52
55
26
1
66
58
52
16
33
76
77
33
58
26
41
66
44
72
71
57
1
0
16
68
71
57
81
3
19
57
48
44
62
42
37
58
9
42
52
26
71
18
84
29
84
54
9
40
45
30
55
37
46
46
66
24
46
18
3
55
40
12
5
37
33
50
45
81
76
68
1
19
19
64
48
0
81
50
77
33
52
84
33
34
64
76
19
76
34
55
40
5
41
64
68
84
50
17
84
43
9
54
1
12
54
19
41
34
41
36
29
21
48
77
9
42
53
64
0
43
81
30
81
0
54
3
37
42
45
72
5
81
16
16
82
42
24
21
81
88
18
16
84
57
40
3
5
55
30
54
53
18
33
55
5
84
76
46
68
64
57
50
44
29
21
40
84
50
62
36
27
1
5
19
82
76
42
3
42
33
46
21
71
66
36
46
50
45
17
34
21
43
27
68
54
66
53
43
37
81
21
48
66
88
5
21
37
33
66
77
12
81
53
81
66
12
9
21
66
19
29
1
16
77
84
54
3
46
57
36
30
24
88
3
40
17
45
57
71
50
53
21
3
48
48
26
21
12
1
34
41
0
1
46
55
52
66
33
54
66
41
9
26
58
62
33
46
18
55
26
50
50
54
27
37
40
12
68
12
54
0
43
88
19
27
66
68
58
66
33
72
48
43
12
0
81
17
64
19
33
45
18
19
19
50
41
9
26
66
77
42
81
53
16
82
30
16
71
45
34
9
72
26
77
71
43
55
57
46
48
19
55
21
45
0
40
52
44
82
9
30
17
72
48
36
48
58
62
45
58
12
1
21
18
36
46
68
68
66
34
37
48
46
42
37
37
42
72
88
58
72
54
42
36
48
19
53
54
88
52
44
42
12
24
12
54
50
12
82
30
81
18
21
33
5
52
40
9
41
58
18
42
29
29
68
48
54
30
43
26
66
37
33
18
37
48
81
29
68
45
76
17
12
58
53
12
40
71
84
19
44
84
53
26
77
41
26
50
21
27
54
26
37
17
36
64
68
71
