10
18
50.0
14
13
17
16
15
0
8
16
3
5
1
4
5
9
0
2
12
7
0
15
0
7
11
10
6
0
16
6
5
4
10
16
15
16
15
15
7
0
2
16
6
7
10
6
5
4
0
15
4
7
4
4
5
2
4
7
15
15
7
5
10
15
2
7
5
7
10
4
6
4
10
7
2
16
15
6
5
2
7
4
2
5
0
15
6
10
15
7
16
7
2
0
6
10
15
5
7
7
6
5
10
15
15
7
10
10
16
4
4
16
5
5
15
16
10
0
2
6
15
2
6
5
10
0
5
10
6
2
6
4
10
4
15
16
0
2
5
7
15
10
4
5
10
16
7
10
2
10
15
4
7
6
16
15
15
0
4
5
15
4
4
7
16
7
5
4
16
10
15
10
16
15
6
15
5
2
2
16
5
2
4
7
4
16
4
15
15
15
16
4
6
15
2
5
6
2
15
2
16
2
10
7
5
15
2
16
2
4
2
5
6
15
15
6
4
7
2
4
16
15
6
2
6
6
0
6
2
16
2
10
10
16
0
0
0
10
4
15
7
15
16
4
10
10
7
10
10
4
15
6
16
4
7
10
5
10
6
7
4
6
0
7
2
5
5
16
7
5
5
5
15
4
0
15
4
2
10
5
0
15
2
16
7
15
4
10
10
6
6
7
0
2
0
2
4
0
7
16
4
15
4
10
6
6
15
0
2
4
2
16
7
7
5
2
7
0
16
0
15
4
7
10
15
0
6
4
5
5
0
7
7
15
16
5
0
15
15
4
0
2
10
4
16
0
15
5
7
2
0
4
15
2
5
2
10
7
6
15
4
5
15
0
6
4
2
16
10
10
7
4
0
5
15
0
2
16
10
15
2
4
5
0
7
4
16
10
15
16
15
2
0
2
0
16
4
0
2
6
0
2
0
16
4
4
16
10
2
4
5
2
16
4
2
2
4
7
10
15
6
15
4
10
16
10
0
15
0
5
4
2
10
15
10
10
7
15
15
16
10
6
2
7
4
16
10
15
16
0
4
7
0
6
6
6
4
6
16
16
2
7
15
5
7
0
7
16
10
5
4
6
7
16
10
5
16
10
6
15
10
4
4
5
15
7
4
4
4
15
6
0
0
2
4
4
15
7
10
2
15
7
10
5
0
4
10
0
6
10
7
15
16
6
5
16
4
16
16
16
2
6
0
2
7
0
6
7
5
10
6
4
10
2
15
5
6
10
4
5
7
6
15
4
10
5
2
6
16
0
0
5
16
5
10
15
7
0
2
5
0
7
4
10
4
4
4
0
0
16
2
16
0
16
10
7
7
4
0
5
6
15
10
6
10
6
15
10
7
2
6
10
6
6
2
10
0
5
5
7
7
6
15
16
7
5
4
15
6
5
15
16
10
7
2
16
6
10
16
6
0
0
6
4
15
2
6
2
4
0
6
6
4
2
2
16
16
5
4
5
6
2
15
4
6
4
15
10
7
4
7
6
5
0
15
5
15
0
6
16
2
6
4
5
2
2
5
0
7
7
5
4
16
2
15
7
4
0
10
6
0
7
6
15
4
6
0
0
0
2
0
16
4
10
15
2
4
2
16
5
10
7
5
10
4
7
2
10
0
7
5
5
2
2
15
7
7
0
6
15
5
0
15
16
5
16
10
4
5
4
16
6
15
10
16
2
10
5
2
4
15
10
5
15
5
15
15
2
15
5
7
0
15
10
2
10
4
0
6
2
16
0
4
10
4
6
6
5
16
5
16
10
5
5
4
4
15
6
7
2
15
2
6
5
7
4
5
4
6
5
6
2
0
15
7
0
16
7
16
16
0
2
7
5
2
16
4
10
4
5
0
6
2
16
7
2
2
2
4
4
15
6
16
6
4
16
16
2
10
0
6
2
7
6
5
10
16
6
0
4
7
16
15
7
6
2
7
6
0
4
5
2
10
10
2
5
4
16
2
16
7
7
5
6
5
16
10
2
16
10
16
0
16
6
2
0
16
16
2
16
5
15
7
7
16
15
4
6
0
16
4
16
16
16
16
4
5
16
5
4
6
0
2
5
0
6
10
4
10
0
5
6
6
10
4
15
4
16
16
10
6
16
10
15
6
4
4
16
7
16
5
4
16
4
2
4
5
4
6
16
0
4
16
10
5
15
10
0
10
0
7
6
6
6
5
10
2
15
7
2
10
4
10
10
15
5
7
6
15
4
7
4
6
0
5
6
15
10
6
0
7
4
7
4
15
0
6
2
10
0
0
7
0
0
5
16
5
7
2
16
2
4
