10
95
50.0
66
75
23
38
28
68
87
56
6
12
69
61
13
25
80
36
84
89
92
53
72
13
4
83
0
62
51
0
38
65
87
39
58
29
48
63
2
63
37
5
15
60
25
76
45
70
27
47
82
26
36
49
35
40
34
60
31
6
17
35
52
3
15
1
49
64
91
25
36
63
78
71
90
79
41
14
94
13
93
25
54
62
80
44
25
80
43
75
52
83
1
66
13
33
20
22
9
62
88
30
74
7
54
38
29
23
53
88
0
85
45
33
76
1
59
24
36
80
1
35
50
38
15
57
23
16
29
25
75
35
55
13
33
77
80
33
81
33
18
55
88
23
83
21
15
29
42
86
8
28
11
0
0
80
0
25
28
38
84
29
1
83
49
83
77
54
84
18
18
21
15
54
21
48
21
87
55
33
8
88
62
15
48
52
87
33
71
76
21
38
54
63
36
76
24
88
71
18
53
0
80
94
83
45
49
19
94
57
49
33
8
8
15
6
59
28
1
29
13
49
55
83
48
52
15
71
88
38
49
48
77
35
60
25
69
0
66
83
71
23
53
35
66
49
6
78
38
29
55
84
73
71
55
83
60
75
54
87
0
88
33
52
6
10
45
87
59
55
57
62
67
77
18
0
15
19
0
78
86
23
62
63
77
73
28
66
46
94
0
66
83
60
80
45
33
19
94
60
21
29
87
15
57
36
71
0
36
84
80
63
77
28
15
32
57
77
0
75
88
33
87
66
84
33
1
25
38
23
35
15
54
15
88
38
35
59
0
86
76
54
86
46
1
19
94
69
87
36
94
21
77
8
84
88
24
86
73
35
38
59
32
45
6
15
8
77
76
13
84
59
32
62
6
15
23
24
55
33
18
71
71
45
29
8
78
35
75
55
94
73
47
80
94
45
13
69
48
66
54
62
28
52
1
94
88
28
63
18
0
94
59
1
52
75
1
13
36
38
76
63
75
84
87
0
21
75
83
24
32
69
87
32
54
36
55
77
66
19
21
49
33
49
0
55
88
6
73
60
25
28
19
53
87
45
60
0
15
52
62
25
21
73
25
69
29
55
28
45
21
83
77
84
94
18
71
47
66
0
46
6
77
1
35
77
63
48
21
88
23
25
48
54
57
35
73
88
53
0
94
60
76
53
6
55
63
21
47
59
55
54
35
59
21
94
77
47
80
35
80
48
54
19
69
21
45
76
63
19
47
59
87
77
47
63
23
71
1
77
77
0
60
13
0
78
1
13
13
33
28
49
77
19
6
29
21
23
33
87
33
53
8
1
46
19
35
45
18
77
24
21
63
46
77
55
57
52
53
45
87
24
35
28
75
94
19
78
83
52
53
23
32
76
28
35
66
18
18
77
6
63
28
84
1
1
18
33
69
21
69
13
75
84
21
25
1
6
84
88
45
53
48
33
23
53
25
15
86
49
24
48
25
69
63
83
28
76
55
63
63
38
36
53
60
35
77
55
45
45
76
48
63
83
76
78
23
46
21
25
49
83
0
62
88
1
57
13
76
80
48
63
15
69
83
46
32
29
94
55
28
71
69
86
15
88
54
88
38
29
24
36
32
46
23
57
28
48
28
63
55
45
59
49
1
63
49
8
49
46
36
36
63
53
75
78
86
80
76
66
33
6
83
66
35
84
73
21
94
8
25
55
1
25
29
88
83
1
94
8
35
33
13
86
35
36
55
13
62
78
69
57
66
23
8
66
52
76
1
28
46
33
38
45
0
46
47
73
48
71
88
66
28
59
80
52
38
13
25
21
75
6
62
23
52
13
55
57
80
32
83
13
38
77
75
77
88
45
73
59
23
78
19
33
0
32
47
54
78
87
62
25
0
87
47
76
45
29
69
38
36
84
76
75
45
0
49
1
57
59
6
29
80
0
57
35
63
38
47
94
86
15
53
48
62
57
84
62
62
86
71
66
60
29
94
45
19
87
54
69
13
38
60
6
32
45
60
29
76
59
29
88
63
88
78
24
15
45
1
24
52
35
94
88
54
38
59
35
28
32
54
36
19
38
23
46
59
83
54
48
1
53
63
66
84
28
47
71
38
57
71
53
32
62
60
28
47
33
48
38
45
75
19
46
25
62
36
66
47
8
57
18
57
15
45
6
75
48
6
66
75
59
69
6
8
66
13
8
13
38
59
60
53
55
25
32
18
45
73
33
55
59
78
25
53
87
15
49
0
48
63
48
32
29
18
84
87
19
52
84
59
66
80
60
8
18
6
75
52
47
55
78
78
87
84
25
1
48
52
46
45
46
