10
74
50.0
55
53
17
50
57
72
68
22
30
1
66
32
52
15
16
31
3
64
63
69
33
35
4
52
43
61
34
61
28
18
15
37
6
24
9
20
53
36
29
47
2
49
73
49
59
72
41
48
38
16
30
37
36
16
62
0
38
47
21
7
3
16
24
40
70
25
36
3
53
69
54
57
27
31
31
24
16
3
56
44
57
55
43
8
47
13
58
18
47
14
4
41
61
53
41
69
55
45
69
14
20
5
4
67
49
5
13
42
72
24
14
20
51
5
4
5
53
23
52
46
60
53
15
8
71
16
30
65
44
72
41
42
16
10
52
5
36
3
57
37
39
12
37
43
72
49
55
57
69
13
44
5
20
49
59
19
38
15
4
12
21
13
3
72
47
4
49
18
18
15
39
37
51
18
72
37
39
61
13
38
51
39
69
55
39
26
24
47
18
55
43
18
52
38
46
57
47
52
8
46
30
30
58
57
59
51
61
46
49
13
41
24
11
38
52
8
45
14
21
43
49
30
53
16
5
38
21
46
18
43
59
42
47
58
44
36
44
72
31
37
51
3
16
44
49
37
39
42
72
52
46
31
4
5
18
47
5
3
61
21
51
14
69
42
20
57
44
47
39
30
51
13
13
49
14
55
44
46
49
72
21
42
12
69
51
4
20
24
53
55
36
51
5
57
42
24
52
3
13
72
72
3
14
3
46
30
49
3
12
18
72
41
57
47
47
42
30
13
8
31
4
51
18
36
14
58
51
24
24
58
16
42
39
55
3
13
18
45
5
13
69
51
18
21
16
31
53
57
42
12
15
16
8
31
72
43
47
14
57
52
43
46
16
12
43
16
72
14
41
41
37
5
13
47
53
3
13
13
24
57
3
16
21
24
18
15
31
43
69
49
55
41
5
57
3
59
52
3
3
58
57
12
8
16
5
57
3
46
15
15
53
14
72
16
72
21
57
5
12
13
45
61
36
14
15
18
46
49
16
46
52
15
51
5
45
30
18
58
14
51
59
51
31
44
12
52
47
8
20
72
16
43
61
42
45
21
57
58
43
39
18
61
13
39
16
61
5
21
45
45
37
45
58
31
53
58
18
57
46
31
13
58
30
3
24
51
14
12
49
41
51
47
57
55
59
41
4
16
72
58
24
37
21
18
58
8
18
14
8
14
5
45
57
55
69
36
24
39
8
12
8
14
57
15
39
38
61
16
42
24
21
12
21
44
57
18
38
44
51
45
45
12
4
43
58
42
55
58
12
24
58
12
69
3
21
69
13
59
5
42
12
53
58
55
43
16
37
3
20
39
44
37
37
8
38
47
38
58
20
58
37
8
30
57
12
43
69
31
45
46
46
69
36
45
18
5
55
43
13
8
18
44
5
59
44
24
30
4
51
38
36
57
59
61
16
16
42
39
69
53
41
18
13
24
8
5
41
58
58
49
15
42
12
31
72
8
59
39
31
58
61
20
39
44
61
43
21
69
43
37
30
39
46
15
41
18
16
18
5
46
18
43
12
57
41
43
14
39
69
12
18
12
43
45
58
58
72
36
45
51
3
42
38
39
36
15
38
14
42
49
57
18
36
49
4
37
45
47
42
8
5
53
57
59
36
45
47
47
39
41
12
61
30
69
42
42
69
47
46
15
51
58
53
57
43
15
41
55
59
53
5
42
39
44
16
4
49
44
16
18
57
8
24
61
8
46
16
42
18
53
21
47
58
61
69
24
4
45
52
13
41
72
15
38
21
51
61
36
4
18
38
49
41
18
24
58
21
15
39
24
3
55
53
15
18
15
41
39
12
8
41
39
3
16
69
46
47
21
14
59
43
69
20
45
13
5
8
12
36
36
39
59
53
42
16
14
53
39
59
38
47
51
43
44
18
36
41
18
44
3
69
12
41
4
49
30
8
21
21
18
59
37
43
15
44
16
43
57
39
3
53
72
59
13
16
39
44
24
12
43
31
51
52
43
4
57
59
5
43
3
47
14
39
13
12
69
61
41
24
43
72
31
61
38
15
45
21
45
31
44
43
4
8
3
51
39
59
39
36
55
30
4
8
18
59
47
36
4
45
43
39
38
69
38
47
16
4
44
30
14
15
69
47
44
13
39
45
52
69
36
21
53
24
16
43
8
61
55
58
52
47
52
43
13
39
72
20
55
47
31
13
21
55
45
51
37
31
46
55
14
31
37
16
37
55
42
18
13
44
51
20
30
52
61
31
39
24
14
46
13
46
16
37
5
5
59
44
3
58
55
16
16
3
55
24
49
24
38
59
52
