10
78
50.0
75
29
47
71
62
16
20
51
1
61
4
74
39
25
62
58
26
30
32
10
31
63
69
6
64
41
45
47
33
8
72
17
40
15
54
9
36
37
62
58
10
0
45
19
10
5
75
77
76
43
73
7
53
70
23
7
52
27
66
8
76
16
34
11
45
2
24
52
73
44
49
22
8
39
14
58
52
27
10
56
20
58
3
37
2
22
3
45
60
27
13
47
46
52
43
34
22
4
42
49
7
75
42
4
73
34
57
16
34
77
20
47
28
76
17
62
12
68
55
27
14
59
47
73
16
34
34
4
10
60
27
47
7
2
47
43
76
22
65
18
73
8
69
69
70
70
14
77
20
48
64
20
18
52
17
45
7
45
35
18
16
34
39
8
17
58
2
52
16
73
20
37
48
14
16
42
67
70
3
2
64
20
4
58
42
73
68
67
10
45
38
2
16
27
27
58
46
75
10
8
2
39
49
10
17
14
18
37
47
35
34
21
64
9
67
38
7
20
27
58
47
35
10
16
39
75
3
2
69
34
17
43
20
7
47
50
69
2
70
75
77
17
10
46
3
52
7
62
9
16
22
62
38
46
73
75
16
77
9
16
58
34
77
43
38
70
69
73
9
48
38
52
14
45
73
14
64
49
39
64
4
8
60
2
10
45
70
68
73
64
8
16
3
34
75
7
47
70
49
48
4
68
2
70
48
45
64
2
8
10
49
69
16
39
48
75
75
37
2
47
3
67
8
73
49
16
38
34
75
22
4
37
67
3
10
2
60
58
62
76
75
73
67
76
8
42
35
49
46
52
16
8
2
39
68
47
62
49
4
76
73
20
68
58
47
34
27
7
14
14
18
75
43
38
64
46
58
8
37
67
20
73
62
76
47
37
60
58
4
43
62
18
70
75
38
35
20
7
8
77
67
18
38
37
58
9
37
4
3
73
42
60
3
76
37
75
8
58
70
20
37
39
18
4
45
64
48
20
38
62
76
46
49
14
16
17
58
9
73
22
49
37
60
10
22
16
27
43
20
73
14
18
43
17
60
48
67
7
75
37
58
27
7
35
76
22
45
62
16
38
27
17
14
75
9
20
35
68
35
75
9
69
64
75
14
39
37
20
75
45
49
62
43
58
14
70
39
45
68
27
18
64
75
58
67
62
7
48
39
64
14
9
62
73
48
73
48
69
60
27
48
10
43
70
52
73
49
7
76
10
27
3
7
9
76
37
45
43
69
2
76
10
38
62
68
34
45
75
45
69
2
34
8
16
35
70
22
2
45
68
67
73
14
73
62
3
58
8
16
35
58
70
37
76
46
39
2
42
27
75
60
10
75
22
43
4
18
46
64
20
70
2
60
62
18
4
42
27
14
3
60
42
76
76
69
17
42
73
37
69
10
49
10
3
37
70
73
22
43
18
17
58
20
34
49
39
4
69
62
42
60
2
64
10
35
27
48
37
18
75
2
73
27
47
77
17
68
58
17
3
8
62
46
22
39
42
64
37
45
3
70
58
58
45
16
76
43
73
7
77
39
3
47
9
35
75
8
60
22
45
2
16
2
49
43
14
37
42
4
67
4
17
42
62
60
76
70
58
38
4
37
73
42
2
14
45
35
4
58
22
17
34
39
52
48
14
62
70
69
52
38
39
9
7
42
17
37
3
20
2
42
58
43
42
45
43
17
22
47
45
16
73
47
2
27
14
7
10
42
37
64
42
58
62
69
3
77
64
64
68
35
43
8
70
69
10
16
8
75
73
14
67
68
75
60
42
27
64
17
9
2
37
58
46
9
70
17
75
42
27
75
62
64
69
47
43
37
62
68
34
52
4
69
48
20
17
76
16
77
62
9
3
38
7
17
58
70
18
45
39
58
60
16
18
52
49
27
2
60
35
64
69
76
35
34
43
37
2
73
14
69
7
39
34
68
42
49
49
4
64
58
10
17
75
69
49
2
34
69
9
62
77
38
2
39
35
34
46
45
60
64
76
2
22
46
46
67
37
38
58
34
22
68
68
17
60
64
68
73
48
16
39
17
58
58
73
10
46
43
35
38
43
14
47
37
22
45
16
2
47
52
76
58
3
48
42
45
7
16
76
34
4
22
75
38
76
38
35
45
52
20
34
20
52
47
73
49
73
39
37
75
37
16
22
42
47
34
67
62
73
39
75
35
16
42
18
4
20
47
47
34
70
35
64
60
10
20
39
34
60
38
69
77
45
17
7
22
58
75
7
20
18
43
52
64
73
48
47
35
2
67
2
20
8
49
10
10
60
34
39
