10
26
50.0
1
16
16
3
2
15
0
23
19
17
16
8
22
16
14
16
24
9
5
25
20
13
17
16
18
11
17
22
17
22
21
17
17
20
22
24
9
20
4
17
11
11
22
7
9
24
10
17
22
9
10
14
14
10
25
16
6
12
17
17
16
17
11
24
20
16
14
24
22
16
22
22
16
19
22
24
6
21
11
25
11
20
9
25
14
22
24
11
25
17
10
20
22
10
9
16
24
17
14
22
6
25
16
14
10
11
16
20
25
19
10
20
10
16
14
20
20
6
24
21
11
21
21
25
21
24
16
11
22
14
11
6
24
21
17
16
9
20
10
14
22
21
21
14
22
14
11
19
6
20
17
11
14
22
24
9
14
25
22
14
6
24
20
25
11
14
16
22
19
22
19
16
14
11
16
21
19
25
16
20
16
24
11
20
19
20
14
21
10
14
22
19
19
19
22
14
21
25
11
20
11
17
22
6
17
11
24
25
25
16
25
11
22
22
9
9
16
6
10
17
22
11
24
24
22
20
21
6
20
11
22
21
21
16
24
20
24
17
17
20
14
19
10
17
14
21
25
16
17
25
10
22
17
10
17
6
6
16
20
24
17
25
24
25
9
25
25
10
11
11
20
16
9
16
11
19
20
25
10
22
17
16
24
14
24
25
9
6
20
25
17
9
24
14
16
21
11
16
6
10
25
21
16
11
20
24
6
14
14
19
14
19
20
21
16
22
14
10
17
14
25
22
25
22
6
22
9
14
11
16
10
10
21
25
19
9
10
11
25
10
20
9
17
11
9
6
14
20
6
19
25
17
20
21
21
20
14
17
9
19
9
22
22
25
22
19
11
6
17
19
25
10
22
22
24
17
11
22
24
10
10
10
22
24
9
10
17
17
9
17
24
6
19
14
10
6
11
14
21
24
17
17
24
11
22
16
19
20
11
25
21
11
21
17
20
14
21
16
10
11
9
25
24
22
17
11
6
19
21
21
22
24
9
24
16
24
25
21
14
6
11
10
16
9
25
20
20
10
19
11
10
21
14
25
9
16
25
6
19
16
10
14
19
20
6
11
10
16
22
11
21
11
22
20
6
24
10
21
14
21
10
10
25
6
14
19
11
17
17
9
21
16
22
20
14
10
21
10
22
24
16
11
6
16
25
9
16
19
6
11
19
10
20
10
9
6
17
24
24
16
6
21
25
20
9
10
11
19
16
11
24
6
14
16
9
24
20
14
16
22
19
22
6
22
16
6
16
24
22
20
24
25
25
11
17
21
10
24
6
22
24
14
20
16
9
6
16
20
22
21
24
24
10
14
20
25
17
24
16
10
21
20
20
20
21
17
9
17
21
25
25
21
9
14
9
22
9
14
17
10
25
25
11
19
21
20
14
20
22
9
24
9
17
19
11
9
10
11
11
19
19
6
14
14
19
21
9
17
22
19
22
24
6
17
6
9
14
20
17
6
11
10
17
17
25
11
17
24
25
20
11
10
9
22
11
22
20
10
20
9
21
17
6
25
22
19
10
11
6
9
14
21
24
22
17
14
6
16
24
25
16
25
6
25
10
16
21
17
25
14
19
16
21
10
10
22
22
6
24
21
22
22
6
9
19
25
9
19
19
6
16
9
16
21
20
14
25
24
24
21
14
21
19
24
6
11
10
20
11
24
9
21
22
14
17
16
14
24
16
21
25
22
14
9
22
14
22
6
10
25
9
22
14
10
10
9
19
19
11
17
25
14
16
14
19
14
22
10
9
10
17
25
11
19
10
16
9
24
6
25
9
17
17
22
22
19
16
21
16
14
24
14
21
24
10
20
6
21
22
16
24
20
9
16
14
25
9
11
9
21
22
19
25
21
11
6
25
24
17
16
10
14
9
24
10
16
17
9
24
16
24
25
6
10
25
20
20
24
24
14
14
9
10
19
11
21
6
11
17
14
6
25
16
25
25
21
10
14
11
9
16
24
11
25
20
19
25
19
24
24
11
11
19
14
6
21
25
25
16
10
10
20
25
16
24
9
9
17
11
9
10
22
6
16
17
20
22
25
25
6
17
19
19
20
9
17
21
25
17
25
21
14
22
21
10
19
11
21
14
19
20
9
11
21
20
20
22
10
6
24
6
19
11
17
25
21
25
6
22
21
24
21
24
25
21
21
9
20
20
21
22
9
24
17
22
14
14
17
17
25
21
10
21
14
14
14
21
16
24
10
17
17
21
11
25
20
20
10
24
17
6
17
22
17
20
16
22
14
14
16
17
11
25
22
11
22
20
19
24
9
