10
94
50.0
0
62
10
29
79
25
32
7
6
25
73
51
60
33
48
59
0
39
37
55
56
42
69
15
87
61
34
19
49
4
38
67
48
63
53
89
48
76
47
92
27
54
6
93
90
31
86
91
26
40
34
13
80
52
42
50
42
28
41
48
69
86
92
22
87
17
84
84
48
25
30
45
68
21
46
88
69
70
0
66
39
2
40
40
42
69
72
75
39
3
30
20
11
11
57
25
78
6
51
17
16
69
23
52
36
44
21
69
18
14
66
87
24
2
54
0
34
51
54
81
11
48
34
57
83
17
0
18
77
40
6
38
9
64
54
40
34
82
84
39
57
40
75
71
13
84
66
92
69
48
81
46
34
51
32
22
0
40
87
81
65
35
57
6
8
5
72
20
12
18
48
34
0
86
20
46
37
12
57
11
48
46
13
85
85
23
74
43
86
51
13
25
77
11
32
43
20
43
34
37
22
84
51
57
52
46
52
43
38
8
81
11
72
42
72
51
58
51
2
23
81
25
20
43
72
22
66
54
0
35
32
81
25
66
69
73
75
8
13
0
2
72
0
11
51
1
8
11
32
8
8
34
69
51
51
84
12
87
0
15
73
18
23
87
21
42
8
37
81
22
66
66
22
42
39
75
77
8
35
30
13
0
21
80
66
30
12
77
8
52
32
20
11
22
57
69
46
39
43
2
37
30
13
57
32
0
69
75
73
13
69
34
66
20
85
40
22
92
17
72
57
9
12
32
81
80
84
85
2
15
57
86
72
39
15
42
20
75
22
75
23
40
25
85
23
37
15
74
80
11
51
42
37
13
9
92
35
15
23
35
21
21
11
73
87
66
8
87
51
43
18
86
86
74
9
46
48
20
30
77
37
30
8
52
35
18
72
66
87
0
22
8
66
15
23
72
9
52
23
80
34
20
72
57
21
75
77
15
34
13
69
74
42
92
9
46
30
51
54
9
23
77
54
43
77
17
43
43
25
15
86
0
85
20
11
18
51
38
22
86
11
57
51
73
92
35
46
38
34
57
92
23
42
30
84
92
25
77
87
48
72
8
25
2
11
20
17
73
77
87
85
11
8
17
23
17
23
66
81
46
87
54
9
20
75
54
86
40
51
80
52
22
15
86
54
17
54
8
51
15
87
38
0
11
6
72
37
81
51
13
11
38
22
13
22
37
22
92
74
35
81
32
54
72
87
54
92
73
6
38
77
12
75
66
9
51
6
52
46
74
85
86
25
87
54
8
85
77
34
35
81
8
46
42
25
20
34
37
92
74
87
2
66
38
15
12
2
73
22
77
48
81
43
72
75
25
0
30
81
30
34
46
18
75
72
32
84
48
46
87
30
20
72
21
42
38
51
37
69
46
2
72
23
52
0
54
38
48
77
35
23
85
22
87
92
84
6
13
6
34
38
43
35
25
87
12
15
77
2
23
30
80
57
6
46
48
46
0
39
86
6
85
78
42
38
74
23
15
37
46
69
73
84
74
72
74
25
21
18
48
21
42
72
25
78
43
77
51
15
6
38
43
8
12
81
38
15
86
37
11
9
0
85
15
54
37
78
75
74
38
23
72
23
8
86
12
85
17
35
18
78
9
13
46
30
21
75
73
9
12
87
21
34
81
80
32
77
48
13
22
12
52
25
18
30
34
54
12
21
87
40
84
74
8
35
80
72
42
23
74
57
6
0
17
72
52
37
15
43
8
20
15
43
87
8
6
30
32
30
48
12
78
48
23
66
43
51
86
75
6
12
6
72
8
35
87
85
66
80
92
8
43
17
48
86
73
2
21
30
40
35
72
84
57
9
38
22
57
92
40
21
81
37
75
72
37
48
34
12
39
51
30
69
78
66
6
74
81
40
51
18
32
51
22
52
18
92
77
37
69
52
74
18
34
69
52
46
37
2
0
54
22
51
81
42
48
74
22
78
0
66
42
11
92
74
38
35
6
52
52
13
51
43
38
2
87
2
54
46
54
8
57
75
9
22
86
46
81
77
75
75
9
40
20
39
80
8
75
73
75
73
81
73
69
34
23
42
9
75
57
9
9
35
9
87
69
48
43
85
20
37
85
39
39
21
46
8
52
48
84
46
73
8
34
43
80
20
17
42
80
9
66
34
77
37
11
77
72
0
80
12
40
34
21
40
48
84
81
52
92
84
85
12
12
17
8
21
12
84
48
2
92
78
20
43
20
35
84
23
77
13
87
32
46
42
54
30
38
8
42
54
69
66
38
43
48
78
40
12
66
48
69
17
34
9
39
54
46
32
52
