10
49
50.0
40
4
27
28
21
39
46
46
46
21
1
16
42
34
23
24
42
22
45
14
23
24
12
33
23
22
19
22
7
46
10
47
8
47
6
31
25
41
31
15
22
46
18
10
6
36
10
6
45
19
10
30
35
48
30
17
45
29
23
37
38
13
31
39
47
10
44
31
0
36
48
48
24
8
48
3
44
17
2
22
9
2
44
2
44
26
48
31
31
22
17
46
47
46
47
47
2
42
19
8
26
30
30
36
32
20
42
0
11
6
26
31
26
23
17
42
24
36
10
45
10
17
47
0
44
31
46
10
6
8
8
47
6
44
21
26
0
17
10
23
26
17
30
45
47
39
2
21
48
8
8
37
10
5
8
5
37
48
30
10
31
44
19
30
23
6
43
17
5
42
48
8
48
36
24
19
48
26
23
17
6
42
36
46
45
19
47
45
36
44
26
48
26
44
17
22
39
17
30
30
36
48
0
5
21
24
8
43
48
24
45
30
8
47
10
23
43
8
43
21
42
6
30
24
17
48
45
48
42
23
46
0
37
2
30
22
47
22
31
42
2
30
2
37
6
44
45
37
17
39
21
43
30
44
10
17
37
44
23
47
0
23
39
19
46
21
45
37
8
2
22
45
31
43
44
5
24
21
30
10
44
44
26
8
39
48
48
39
17
0
36
23
24
30
19
10
31
22
46
30
26
44
24
24
0
0
26
24
31
39
21
10
43
39
5
39
0
8
43
47
23
46
21
37
37
22
17
0
43
10
31
26
46
43
43
2
30
2
39
39
48
19
47
22
8
45
43
46
8
48
0
23
31
22
39
0
17
6
10
8
47
43
0
47
43
10
24
26
6
26
30
43
47
37
45
5
30
42
23
8
22
24
37
46
48
37
2
47
6
39
5
8
44
23
23
39
44
10
26
45
6
45
39
46
45
46
0
5
42
42
45
42
8
21
42
0
47
36
37
36
24
24
44
30
30
37
8
43
19
46
10
23
37
19
21
26
17
8
10
26
10
36
24
19
19
22
31
47
26
6
19
6
17
2
43
22
48
30
37
43
5
22
43
21
21
17
30
43
43
23
42
17
0
44
48
0
36
17
30
30
42
10
23
21
36
45
43
37
46
37
6
17
22
0
8
31
5
17
0
21
2
45
22
22
45
19
37
45
26
21
46
19
39
0
2
42
26
48
5
31
26
21
44
10
21
46
10
5
24
24
10
43
6
48
46
5
5
10
30
37
42
0
19
36
30
10
48
30
30
43
36
26
8
44
26
31
2
10
0
46
22
23
45
21
23
10
19
22
6
47
23
31
5
37
2
17
5
2
44
24
22
42
43
46
31
44
23
23
37
43
21
36
31
10
19
5
17
23
37
46
26
22
26
6
48
44
19
10
0
23
30
8
26
6
10
46
30
43
31
44
31
22
44
46
44
47
19
21
46
44
43
31
8
31
46
5
39
44
48
45
21
44
42
8
26
19
44
6
44
17
39
37
5
30
47
24
44
0
45
45
17
30
42
0
0
8
46
42
37
8
17
17
45
46
0
45
46
23
10
44
23
46
45
30
47
44
8
5
19
43
2
31
10
17
22
48
39
5
10
2
10
5
37
26
22
0
24
8
46
46
17
45
22
23
24
19
48
36
10
46
24
45
45
45
10
24
46
0
26
42
48
2
42
43
45
8
8
17
45
46
17
5
42
24
37
42
6
43
19
5
44
8
22
26
44
36
2
0
0
31
48
45
39
2
42
39
47
42
30
36
0
2
8
31
0
48
26
26
2
30
0
26
19
21
39
39
45
19
21
6
36
24
10
44
42
37
23
10
47
42
21
45
43
36
8
39
44
30
17
39
6
23
22
37
46
17
47
0
43
8
26
6
21
47
44
46
17
6
8
24
21
42
31
17
39
23
24
42
2
19
26
37
43
43
24
39
24
19
30
21
6
30
23
31
10
8
45
6
36
2
17
26
43
0
47
45
44
23
44
37
19
37
24
47
42
36
43
21
6
0
0
30
45
36
37
24
48
0
48
42
30
43
6
23
0
47
37
43
39
0
10
8
47
47
21
2
45
37
8
19
17
43
19
31
10
43
6
42
36
31
48
37
43
46
31
23
45
23
30
6
44
45
21
22
0
30
6
17
8
37
39
47
30
17
30
37
43
46
30
37
26
45
46
5
43
44
39
44
44
45
43
42
0
46
47
24
22
47
2
0
6
43
43
19
26
45
39
19
22
45
10
24
36
5
36
23
48
46
22
43
8
36
17
19
42
45
23
44
44
26
