10
66
50.0
30
35
5
21
54
63
58
16
23
31
52
39
17
33
14
28
50
43
51
42
57
61
65
2
38
48
9
4
61
10
0
28
45
59
64
41
34
29
41
34
52
3
44
9
1
15
47
45
6
29
29
62
29
29
9
61
52
41
29
37
55
8
59
45
13
26
60
40
59
56
11
24
22
19
41
11
25
53
27
34
32
7
12
25
11
65
52
59
11
56
41
62
31
19
12
16
31
29
59
49
26
46
18
16
49
65
16
61
27
7
46
19
49
56
62
46
49
46
12
60
61
61
56
39
34
40
27
31
29
52
12
65
24
5
27
41
56
9
20
59
40
7
46
31
22
19
40
65
26
9
18
46
29
13
22
11
34
26
16
5
56
28
41
20
60
46
7
52
9
46
45
9
60
12
59
16
26
65
65
40
18
59
37
9
11
60
60
19
25
9
60
52
45
11
13
26
56
37
62
16
40
9
37
13
39
26
27
20
22
26
65
12
65
9
9
49
60
18
46
27
5
37
29
5
22
27
22
62
34
59
65
49
22
20
5
26
34
59
39
46
45
11
22
37
59
41
26
56
34
9
28
62
29
34
31
52
34
56
16
9
13
27
59
12
12
65
37
41
12
56
5
31
31
12
12
40
56
28
56
20
65
40
60
26
7
18
49
12
37
46
41
49
45
18
28
41
13
45
46
27
37
36
61
28
39
12
22
18
41
65
25
26
31
40
27
28
65
28
11
28
29
18
19
11
16
31
20
61
52
40
62
16
45
52
39
31
62
11
16
31
37
27
31
24
18
13
13
49
41
7
7
56
45
25
41
26
26
13
27
28
56
31
59
62
12
45
60
40
59
41
62
5
52
24
13
61
20
60
22
40
16
22
52
19
9
13
56
49
22
19
56
62
37
11
29
59
5
40
26
61
61
22
29
49
9
25
40
7
28
31
61
25
40
52
16
45
62
37
62
34
49
61
46
52
16
24
9
40
18
20
37
9
62
12
7
39
28
46
13
61
31
49
20
25
26
45
65
40
9
22
59
31
5
13
59
19
37
62
27
19
60
24
62
39
25
26
45
46
62
60
22
41
22
39
11
19
34
27
37
27
60
46
41
28
31
25
62
5
13
61
13
11
59
34
40
26
16
16
12
65
60
59
60
7
12
40
52
61
13
37
37
11
13
31
19
28
29
56
62
7
16
12
5
37
16
19
9
52
26
9
7
26
7
11
18
46
13
5
39
9
59
22
5
56
31
19
60
41
52
61
20
62
22
40
11
22
18
40
12
16
37
11
13
9
11
12
46
13
7
19
16
19
16
28
37
22
31
59
56
60
9
39
60
52
56
45
12
65
34
59
25
25
28
11
25
24
52
40
28
26
56
34
52
20
46
5
31
20
31
24
61
37
59
24
20
59
5
56
59
19
7
65
13
59
20
49
28
13
25
41
9
18
22
7
29
7
7
9
25
24
5
41
9
37
45
59
46
34
31
26
26
26
24
22
49
31
56
61
28
16
7
12
18
61
5
40
16
18
27
24
60
39
26
5
60
9
12
60
31
11
11
41
62
26
7
11
39
56
11
31
18
40
46
9
12
37
12
7
7
9
20
40
46
5
20
34
28
60
46
41
9
31
5
49
46
9
26
7
13
19
61
12
37
18
39
11
29
5
59
65
31
12
60
37
61
22
37
9
26
24
19
40
5
59
13
13
27
46
5
25
41
22
60
31
49
40
5
5
19
60
65
7
18
9
34
25
31
56
45
26
5
26
29
25
49
24
34
9
39
20
39
62
39
27
40
65
26
41
34
13
61
46
45
45
34
7
39
22
26
9
7
49
52
24
46
59
5
12
46
7
29
56
5
25
24
7
59
16
37
45
39
7
37
19
49
20
16
16
19
59
59
22
11
19
60
37
29
20
31
61
12
34
56
61
61
9
52
26
29
7
25
11
13
31
28
19
29
11
13
60
56
12
25
60
20
29
11
24
29
46
22
40
7
12
39
60
46
59
52
41
31
41
52
7
31
18
46
39
56
49
24
19
56
20
29
39
9
60
27
22
41
16
37
12
60
40
60
19
52
61
62
26
49
24
16
37
19
61
20
39
13
9
56
60
46
24
11
13
61
45
37
56
19
7
31
29
40
37
46
28
34
60
65
45
34
34
52
56
12
26
60
24
11
11
9
46
59
31
40
5
29
25
12
22
56
46
56
12
39
37
49
27
13
61
9
52
46
28
24
52
41
13
39
9
65
13
11
9
24
52
40
31
31
46
60
9
12
40
61
22
