10
50
50.0
6
3
44
38
37
34
33
30
20
31
49
7
15
35
5
8
34
49
21
46
48
27
47
32
31
39
2
49
36
49
14
17
5
28
34
1
34
1
40
5
47
41
19
18
4
41
43
22
34
9
25
26
9
46
0
25
34
41
0
41
18
23
31
45
32
48
33
48
33
9
48
29
49
2
46
16
31
0
12
49
12
48
47
47
9
23
31
32
41
48
1
47
11
49
1
22
5
41
9
0
22
24
13
0
9
23
16
23
2
16
46
23
34
22
18
10
18
48
0
43
10
25
22
16
41
47
49
22
5
12
43
47
43
10
25
0
42
29
9
41
2
32
0
34
5
29
31
32
25
0
29
10
12
43
5
5
2
43
33
0
29
18
12
1
42
2
10
41
25
46
25
31
32
2
42
32
41
34
32
31
2
16
49
29
25
18
49
41
46
47
43
1
48
46
31
29
34
23
22
31
31
16
48
42
2
49
47
24
12
1
23
29
22
12
34
34
25
49
9
12
25
0
41
1
42
32
12
10
12
9
33
32
9
34
41
10
33
12
16
32
42
9
41
25
25
9
46
1
29
32
16
9
2
29
9
0
46
46
32
0
41
31
48
33
22
10
10
5
12
5
18
34
43
23
32
23
2
42
29
23
12
42
34
25
10
2
9
47
49
10
48
49
10
41
22
43
18
2
31
47
16
5
32
34
10
46
41
31
1
18
42
47
25
48
2
42
18
23
12
10
24
32
16
22
0
41
32
48
2
18
33
0
41
25
43
48
33
48
1
42
33
46
25
25
48
18
23
24
2
34
47
49
10
34
34
43
43
10
33
41
31
34
48
41
2
24
34
24
2
49
18
29
32
46
41
2
24
10
42
41
42
43
31
9
32
18
22
16
1
48
47
23
10
16
10
18
42
47
18
32
47
49
48
29
12
0
5
49
18
12
47
23
18
18
48
12
22
49
12
22
22
22
49
34
1
25
22
33
12
5
18
10
25
18
48
12
33
10
41
10
9
16
2
33
32
0
9
48
0
46
5
22
9
48
12
47
25
24
23
46
32
9
34
46
5
1
0
16
31
0
32
48
46
16
0
48
42
0
10
48
1
42
2
10
5
29
5
0
42
24
43
25
46
48
1
34
42
2
10
18
1
31
29
9
33
0
5
47
24
1
43
48
12
32
24
10
48
12
9
41
1
24
31
42
49
34
46
41
48
9
10
31
29
9
12
32
9
10
46
34
32
48
5
34
22
23
42
29
18
2
23
9
42
24
16
9
1
16
9
31
25
24
34
1
32
32
29
25
46
18
23
34
10
10
49
16
5
31
43
12
0
32
43
41
18
18
9
10
24
31
5
43
25
23
46
48
49
12
32
34
16
31
5
24
29
23
29
33
33
24
29
18
32
23
18
43
2
1
48
34
48
48
47
46
31
1
34
10
23
32
48
0
47
43
9
5
22
0
9
18
41
1
18
0
47
49
10
25
49
23
32
49
18
18
18
24
9
41
12
49
32
42
43
42
47
43
23
5
2
5
18
2
1
48
16
48
34
0
33
43
32
2
5
29
2
24
33
41
23
16
24
46
48
0
0
16
22
24
47
5
10
0
46
47
25
29
5
23
18
0
16
42
46
12
24
23
25
22
22
43
25
12
48
42
22
31
10
49
47
18
29
10
34
42
43
18
23
5
42
0
48
47
34
41
33
22
43
31
23
47
5
10
12
33
0
24
43
47
12
12
33
49
16
2
16
31
2
9
1
29
9
16
0
5
29
48
33
31
2
24
29
10
48
22
48
33
0
22
10
5
41
22
49
31
42
24
22
5
12
41
10
31
47
33
10
2
29
43
2
49
47
46
0
31
18
2
0
33
12
23
9
0
0
16
48
16
43
43
23
46
46
47
33
9
23
31
47
12
31
24
0
43
9
33
49
10
25
12
16
32
46
34
22
42
29
5
32
48
2
43
46
34
33
2
22
41
25
32
25
42
24
41
22
2
32
25
12
23
9
32
31
5
41
34
42
31
2
43
42
32
41
31
49
24
46
49
48
16
23
22
24
31
43
10
12
42
31
34
5
10
43
2
23
9
42
9
41
31
0
25
46
23
24
31
29
18
42
9
32
42
49
29
43
33
29
24
41
32
42
46
24
12
31
16
16
2
29
18
29
33
12
2
1
18
24
2
5
42
41
41
41
16
12
43
5
10
32
1
49
24
49
48
25
42
31
2
22
41
2
48
24
18
18
34
47
43
10
2
24
10
34
43
42
1
49
2
23
43
12
24
