10
36
50.0
9
10
9
22
3
19
1
26
33
13
9
32
16
7
32
33
23
2
35
15
31
27
21
32
35
14
24
28
31
25
17
24
0
34
13
20
18
30
31
9
6
12
9
13
25
11
29
25
11
32
35
13
24
20
33
32
34
8
33
32
29
5
20
31
24
13
11
34
25
4
13
13
31
31
18
20
11
25
35
34
23
20
23
24
4
16
25
9
35
33
34
31
33
31
24
18
25
33
33
34
20
25
33
18
25
8
20
34
20
24
11
13
18
4
16
24
9
31
29
34
15
23
23
35
13
4
8
33
4
35
35
20
35
11
13
31
15
32
15
34
31
8
34
16
31
15
31
18
23
23
25
4
16
9
35
8
34
8
24
11
20
24
15
15
35
8
24
34
34
31
9
33
20
29
31
13
9
4
33
35
29
13
20
18
24
15
8
18
18
15
34
4
24
24
31
15
11
9
18
34
32
35
4
35
31
11
25
31
35
24
8
24
33
35
20
35
23
31
20
31
15
18
11
29
13
8
16
35
34
11
23
15
15
35
31
24
18
33
4
29
33
8
29
9
15
24
35
23
23
18
25
16
18
15
35
18
9
23
4
13
23
25
8
25
20
34
32
31
16
31
35
11
24
23
8
34
16
16
16
34
23
20
24
25
33
18
15
11
33
29
25
34
25
20
29
32
32
15
8
20
18
4
31
9
23
35
4
31
13
18
31
8
20
8
13
35
29
18
18
20
16
16
23
32
32
31
33
4
31
25
31
20
24
31
31
4
15
31
4
24
32
35
8
8
33
20
24
16
11
11
8
34
15
18
35
25
8
16
20
20
31
15
20
24
4
4
23
31
4
32
16
4
8
25
23
18
4
34
23
25
16
11
31
4
20
32
33
33
8
15
15
18
23
11
11
25
29
35
4
8
23
20
24
25
11
29
15
13
33
13
9
31
13
16
34
20
18
20
11
23
33
23
34
8
13
32
11
20
24
23
9
31
20
25
24
34
9
31
24
32
15
18
24
4
33
8
34
16
33
4
29
23
18
25
23
15
31
8
18
18
25
13
4
23
25
4
29
4
33
8
4
31
32
31
31
16
31
18
25
15
20
25
35
11
25
32
29
8
32
18
18
11
13
13
13
23
15
35
34
31
24
20
23
32
4
8
13
9
23
8
35
34
23
35
18
23
13
18
20
24
33
18
29
24
20
24
25
35
34
34
20
11
35
32
31
35
18
9
15
16
29
9
9
29
15
4
31
18
35
33
32
23
16
31
23
18
18
15
13
33
24
11
18
31
16
4
11
25
32
24
8
11
20
33
15
18
15
24
13
16
15
8
35
25
33
31
18
24
32
20
32
18
4
8
16
34
29
9
32
25
13
9
34
25
33
35
29
32
13
16
23
33
9
24
11
31
11
13
29
13
35
13
29
31
31
18
23
13
4
16
13
16
13
4
34
23
20
25
4
8
20
18
32
33
11
32
18
20
24
4
13
34
32
15
9
13
9
34
32
15
23
29
29
18
23
9
18
23
23
34
29
33
33
31
4
15
24
31
24
25
8
35
11
16
20
8
31
9
18
16
8
13
33
4
15
24
23
32
25
24
9
24
35
23
15
13
18
15
24
8
31
20
33
20
23
15
11
33
15
20
24
13
4
25
23
15
11
13
8
24
33
29
29
24
8
23
15
15
15
16
15
33
32
29
13
11
4
11
29
24
4
9
34
4
32
11
18
35
18
31
15
16
15
8
13
15
29
9
24
29
15
20
35
4
20
25
31
16
25
34
29
11
16
24
20
8
13
13
32
33
18
11
34
15
18
15
4
18
9
13
34
23
13
8
34
11
4
25
4
35
35
32
20
35
35
35
29
29
15
24
11
32
4
13
32
25
35
4
29
16
25
13
4
18
24
15
29
34
25
33
23
13
34
4
24
24
11
20
18
9
13
25
33
32
32
13
34
29
4
35
32
4
4
16
23
11
32
20
8
25
25
9
8
16
35
34
9
13
20
18
29
8
20
32
13
18
16
35
11
13
24
24
24
8
20
16
8
18
23
29
25
20
15
31
34
25
15
11
8
31
25
33
34
32
18
16
20
35
11
11
15
34
11
9
16
4
15
13
35
9
18
8
20
34
34
13
32
9
29
23
13
35
4
13
33
25
35
18
9
33
31
18
23
8
16
25
4
29
34
25
32
25
16
13
16
20
23
31
16
20
9
29
13
4
11
13
32
31
18
29
18
33
20
25
25
15
24
33
25
29
23
33
34
29
11
31
33
24
18
20
