10
100
50.0
62
11
49
5
89
55
33
80
68
67
97
61
7
96
81
62
51
94
0
30
31
34
86
40
22
29
74
94
88
24
38
86
98
91
72
92
40
72
59
43
44
4
63
46
56
45
21
6
90
99
69
17
15
76
62
83
53
62
39
67
77
63
81
13
12
15
23
42
2
1
45
95
7
95
14
26
86
40
91
84
66
93
66
27
7
85
58
32
86
15
78
47
79
31
26
87
65
41
62
6
26
25
75
74
15
36
4
8
6
61
16
26
9
81
95
72
54
4
93
60
83
73
35
27
52
62
6
79
89
78
89
65
3
82
67
47
82
61
63
70
41
27
69
89
91
96
41
71
43
31
28
6
4
78
57
61
86
74
89
25
7
54
5
62
31
76
5
43
9
89
45
62
76
19
66
74
95
65
5
89
16
18
81
10
81
96
39
63
25
15
4
27
64
64
7
91
47
20
48
43
84
62
91
86
19
27
31
83
75
65
56
83
62
61
47
31
37
45
93
65
83
54
63
43
54
72
15
31
41
96
31
7
45
66
89
50
66
66
16
66
26
93
83
45
93
76
95
27
69
41
84
39
9
62
79
93
72
61
10
67
7
26
79
74
48
89
84
65
74
9
72
91
79
7
94
83
7
52
83
84
48
25
41
27
82
27
69
52
79
86
54
56
47
19
81
43
47
52
83
63
75
69
39
27
62
91
76
78
75
52
30
18
67
74
64
52
10
91
74
25
40
25
62
79
56
18
41
26
83
61
40
41
94
61
26
75
81
69
47
82
86
94
66
78
19
61
56
9
66
5
19
94
62
83
41
62
96
54
45
82
47
93
69
5
84
76
93
43
78
54
63
19
15
52
64
18
86
75
15
66
63
66
40
63
76
83
62
52
72
65
66
4
72
91
18
63
52
79
52
67
86
40
81
65
61
16
7
45
15
75
67
27
41
31
82
16
6
7
41
65
89
64
40
81
78
69
10
9
93
45
91
89
67
41
7
63
83
66
94
25
69
9
66
91
82
62
74
56
86
64
43
86
78
9
5
93
62
41
84
19
79
43
62
41
96
31
78
89
82
96
9
10
72
7
16
66
67
75
48
86
7
96
39
67
61
54
5
54
26
43
95
83
75
47
31
94
10
48
83
78
67
5
43
56
30
84
61
69
48
95
5
48
81
5
30
96
43
6
78
79
25
43
61
15
18
72
10
74
76
69
95
40
54
69
40
26
54
61
5
91
82
63
64
56
95
27
56
52
84
93
78
76
69
67
64
75
52
41
27
41
30
31
18
72
40
63
61
67
39
54
82
69
89
27
43
93
81
47
27
52
67
4
91
94
26
45
69
81
52
48
67
6
91
65
95
96
93
7
18
78
72
45
69
15
64
82
63
95
6
78
31
89
16
75
78
72
26
15
96
25
39
72
54
4
79
72
16
27
94
52
81
45
6
61
64
76
69
72
63
10
5
67
94
4
93
45
67
64
5
27
66
27
27
72
45
52
27
48
7
86
93
39
10
81
18
25
41
63
89
15
62
78
63
89
79
15
19
72
66
7
94
83
45
91
15
76
43
48
5
52
39
25
69
76
62
48
48
30
43
52
26
18
63
81
9
18
9
86
45
76
75
95
96
86
43
83
54
65
52
39
6
18
83
72
18
89
96
94
83
65
69
30
41
47
62
67
30
54
43
16
81
64
9
4
96
6
56
76
45
45
45
40
10
25
63
31
4
45
26
76
89
61
64
4
30
6
89
67
30
62
82
25
86
30
89
43
65
30
83
15
72
52
25
65
81
54
26
54
10
6
9
82
91
27
7
94
47
9
52
6
79
72
81
45
89
61
91
78
81
4
10
31
25
48
41
56
95
61
75
89
16
86
40
72
91
4
78
9
61
84
43
45
95
4
83
75
25
26
95
25
10
75
41
48
56
65
41
48
72
61
31
89
9
76
40
95
75
45
93
61
93
75
93
75
9
89
72
6
31
82
72
64
10
82
54
16
63
65
9
84
27
62
15
27
78
47
25
10
30
62
56
63
78
16
15
48
82
41
45
89
89
48
40
84
67
66
82
63
83
62
65
62
96
96
10
89
30
93
52
48
48
69
95
81
66
81
54
76
79
64
5
43
84
54
6
16
79
93
96
25
91
48
61
52
54
27
86
47
25
84
89
74
66
83
9
15
43
39
96
19
54
65
78
82
65
76
4
78
65
78
81
39
6
9
81
76
94
84
52
7
5
95
9
72
10
39
94
16
18
40
94
56
94
7
93
82
89
75
62
15
