10
31
50.0
16
28
20
27
4
1
5
12
19
22
16
24
25
24
30
28
27
9
1
28
18
3
19
13
25
11
23
26
19
13
26
23
25
10
12
29
2
12
6
25
7
21
21
13
25
21
14
26
10
15
23
24
12
28
24
19
23
8
3
12
17
28
23
21
0
21
25
21
19
25
21
10
21
1
23
12
26
16
16
26
1
13
26
19
24
26
12
16
10
27
19
25
3
3
13
13
21
28
1
16
10
3
13
28
25
12
10
28
24
23
12
27
25
26
3
3
24
26
26
28
2
21
25
1
13
7
7
2
19
19
24
1
27
24
24
27
2
1
28
13
10
2
16
12
26
26
25
13
21
2
28
28
26
21
21
16
23
19
19
27
27
3
12
3
24
7
13
23
28
13
23
28
2
1
1
25
1
24
24
12
10
16
16
16
3
2
28
25
13
13
12
27
24
25
1
12
7
27
19
24
26
21
1
21
12
1
10
16
24
12
24
26
16
23
2
25
24
24
7
10
2
7
26
16
27
13
2
26
23
16
7
19
7
2
7
3
24
10
7
7
24
26
1
23
28
16
16
24
23
3
19
23
26
24
2
2
25
12
19
2
2
24
7
28
7
7
3
23
12
7
2
27
23
19
26
10
21
7
3
3
2
24
16
2
23
16
3
28
2
2
1
27
21
2
13
2
2
23
24
1
27
19
26
12
7
10
25
1
28
26
28
26
1
24
28
25
19
25
24
12
26
16
2
3
7
16
16
28
21
7
7
13
27
16
27
12
27
28
28
10
24
27
21
23
3
21
21
12
28
26
26
10
12
2
19
28
19
24
2
28
3
28
28
19
21
13
16
26
3
24
7
12
16
13
1
25
23
28
27
23
27
10
7
28
7
24
12
23
28
28
2
25
28
7
3
25
24
23
7
28
7
19
24
23
12
23
19
26
28
3
19
19
24
25
10
2
2
12
16
26
23
16
7
25
28
3
23
19
27
12
10
24
19
16
16
16
1
19
21
13
23
12
7
12
25
27
21
26
7
2
27
13
28
21
21
26
23
25
3
7
23
26
28
28
3
2
13
25
28
27
13
12
2
1
24
19
23
2
28
7
24
7
3
24
26
16
16
28
1
7
25
25
25
28
19
13
3
21
21
12
16
13
13
28
19
28
16
23
7
26
3
21
21
16
21
2
19
10
19
28
19
26
13
16
19
10
25
13
21
12
1
2
10
3
13
16
25
27
10
19
28
3
21
2
19
16
3
12
27
1
25
21
16
19
7
25
3
10
12
12
26
7
3
21
7
7
7
10
21
28
27
7
28
12
10
2
23
1
28
3
25
28
2
2
28
25
2
21
23
13
2
12
13
28
19
24
3
28
1
7
16
19
23
26
26
21
1
13
21
2
16
3
12
16
13
19
28
24
24
13
3
3
10
19
13
10
25
3
13
13
28
24
12
16
12
23
7
19
24
13
16
13
25
27
16
7
12
13
2
24
19
12
24
7
16
27
25
24
10
7
2
13
3
7
24
13
7
1
19
16
1
19
7
25
23
21
21
23
2
27
21
19
21
24
28
1
7
3
19
21
24
28
12
10
13
1
1
13
27
24
28
13
24
19
12
21
13
2
13
2
10
2
12
1
21
3
26
12
7
10
21
24
27
19
26
26
27
2
27
16
26
3
21
19
16
7
1
19
3
21
12
25
16
1
26
3
25
21
16
3
19
24
24
7
23
24
26
25
1
27
7
12
21
16
28
19
27
12
26
1
10
3
12
21
12
13
2
26
21
2
16
25
21
27
27
25
12
12
25
1
28
12
23
3
12
2
19
27
23
12
1
21
19
12
2
26
21
12
10
28
10
2
13
12
19
21
10
3
27
7
28
12
24
19
25
19
25
16
1
16
21
24
7
24
2
3
25
26
16
12
25
19
7
24
7
16
10
25
27
1
13
2
1
10
19
26
16
21
13
12
23
27
27
1
26
28
12
27
23
7
21
21
3
19
25
12
2
19
1
24
2
26
16
27
21
26
10
23
2
26
24
13
21
25
26
3
28
2
13
25
7
26
24
1
28
13
7
21
3
24
23
27
26
27
19
25
7
19
7
21
10
23
19
21
21
28
2
19
23
26
2
19
28
24
16
13
24
23
21
7
16
16
27
26
26
12
28
2
16
28
7
2
23
26
1
16
10
7
25
24
21
23
13
19
21
2
27
25
2
13
12
25
12
25
2
26
27
21
24
26
1
7
23
23
16
24
23
7
28
26
7
26
2
12
19
2
2
3
10
1
