10
97
50.0
60
70
79
68
12
34
66
50
33
10
46
8
93
83
35
81
13
76
79
25
18
23
32
64
39
91
62
30
43
29
94
32
57
76
72
41
85
48
22
20
12
26
71
2
8
82
59
44
45
11
80
44
28
27
7
15
11
8
64
3
55
95
41
64
20
12
63
96
58
35
84
21
61
35
5
81
64
84
28
6
61
35
16
44
75
43
33
73
3
8
38
64
89
0
92
21
75
56
49
19
19
67
55
8
78
84
21
35
44
90
67
6
87
0
64
4
20
47
79
18
79
7
54
75
3
88
81
30
38
20
89
52
37
42
92
82
55
88
1
61
89
47
91
36
12
19
77
84
55
81
21
67
41
40
79
73
37
43
92
82
82
24
88
55
12
38
40
64
23
55
7
14
28
7
33
27
14
31
91
61
65
56
41
51
61
73
27
28
37
11
36
47
14
32
40
45
30
32
27
67
74
86
8
11
74
2
37
75
6
53
64
86
64
92
21
3
28
14
82
18
28
45
55
9
81
19
81
74
32
56
27
33
61
8
14
47
81
81
44
0
89
88
27
61
35
28
9
14
11
64
76
35
11
44
38
56
37
19
86
47
21
47
28
44
3
3
40
2
14
89
2
84
69
38
92
21
88
38
75
76
89
33
55
92
73
81
14
19
17
44
41
33
14
18
45
38
67
61
43
89
21
79
30
28
43
81
27
35
27
27
74
64
12
67
6
30
43
7
88
81
8
41
3
47
56
61
89
36
37
12
21
91
47
88
56
14
38
37
2
61
55
8
11
6
76
56
73
92
67
6
11
67
27
92
11
9
47
14
86
21
20
8
14
74
30
56
27
8
91
82
11
33
33
73
27
92
44
74
45
41
0
86
27
73
8
8
86
44
40
44
11
47
20
3
9
33
61
6
0
47
36
43
37
88
56
64
43
61
30
82
43
81
81
35
11
19
44
45
11
74
61
38
21
67
12
67
18
21
37
92
43
14
7
82
44
38
30
75
21
47
92
7
91
0
81
88
30
8
32
75
81
55
37
55
79
43
81
53
40
9
2
61
92
45
19
7
27
64
12
81
53
37
45
89
32
37
88
56
19
37
2
35
37
3
23
92
76
76
38
38
8
86
44
44
20
79
11
53
76
67
28
84
30
2
84
2
35
18
12
84
9
40
45
12
12
92
30
6
84
33
61
40
0
44
67
56
6
81
53
30
27
84
41
47
37
36
56
56
18
40
21
45
23
91
2
8
45
47
3
75
6
47
37
28
30
84
61
8
32
14
55
43
30
37
3
8
28
11
67
32
19
0
88
6
45
64
14
79
41
43
7
6
37
84
28
40
32
18
44
20
0
45
11
37
23
9
91
2
6
76
36
12
9
92
47
75
82
67
14
75
36
53
64
53
91
40
56
88
40
81
67
14
43
37
84
84
37
86
67
88
2
21
61
20
79
0
88
53
84
92
2
19
35
7
53
36
21
8
79
40
91
56
36
89
32
81
35
81
43
9
75
61
23
36
30
53
41
27
38
84
20
53
86
7
14
3
74
11
44
81
21
92
43
38
45
8
35
86
28
88
89
23
12
20
74
55
76
21
41
37
38
91
55
40
3
79
20
37
75
79
32
9
21
86
73
56
41
41
8
3
33
27
23
53
3
56
74
7
47
67
45
55
12
43
74
47
88
21
47
19
45
88
53
81
19
88
11
3
86
76
76
75
11
12
76
67
14
30
44
41
6
18
8
37
88
32
81
20
14
47
37
9
8
36
38
37
3
28
74
0
44
18
20
55
30
47
67
11
91
14
88
44
0
76
43
38
35
55
75
0
64
23
33
55
41
41
55
21
76
18
23
84
64
6
21
27
92
92
9
79
28
89
41
73
21
40
18
11
53
74
47
11
20
6
61
14
91
86
43
75
56
44
43
9
86
76
36
47
40
67
89
38
3
8
84
67
12
18
81
23
23
30
75
21
67
37
75
0
74
8
35
8
45
20
74
2
7
11
8
18
41
32
9
88
37
7
82
44
75
20
43
20
92
0
67
6
2
7
7
89
75
8
61
76
88
23
33
32
40
33
21
91
43
45
38
86
6
38
21
75
75
3
33
28
79
44
3
14
27
23
8
8
91
47
75
38
55
41
79
40
27
11
27
36
3
64
0
43
41
9
61
89
74
81
0
28
38
61
32
36
27
88
84
76
9
7
88
41
43
47
55
20
43
44
55
92
64
67
45
40
14
23
64
18
89
47
14
44
89
92
79
3
6
64
3
89
55
81
40
44
