10
30
50.0
18
7
8
25
29
23
6
4
9
15
5
20
10
20
3
14
10
4
26
14
22
16
19
28
17
2
1
9
20
25
1
25
10
25
23
20
1
18
13
20
11
28
18
27
18
27
12
19
23
19
11
10
23
21
20
0
11
22
19
27
28
9
22
4
10
28
1
23
20
27
1
18
23
11
25
19
11
1
24
14
10
25
20
22
14
25
1
28
22
27
22
27
10
1
10
25
9
20
28
20
23
25
25
18
20
18
27
9
10
28
25
11
1
1
18
27
11
27
1
18
18
4
24
9
1
25
20
27
24
19
1
18
4
27
14
23
20
19
11
25
10
14
4
18
1
14
25
4
24
27
11
9
1
25
28
10
11
28
27
23
11
23
28
9
22
27
28
24
14
14
11
25
10
25
18
18
10
18
27
4
18
28
20
11
25
1
28
9
25
9
18
22
25
14
14
27
10
19
11
25
11
4
4
28
25
11
22
28
1
24
9
14
27
14
9
23
27
4
27
19
25
25
20
27
19
14
22
24
20
4
25
14
22
19
11
14
18
20
24
18
24
1
19
28
22
10
14
24
9
20
19
10
19
22
11
14
25
4
4
23
11
28
9
27
19
25
14
28
9
23
23
23
24
28
23
1
11
14
11
4
4
20
20
4
19
20
18
18
4
20
27
11
9
4
23
9
18
1
1
10
22
19
11
11
27
20
4
10
25
27
19
22
20
4
19
11
10
11
14
28
27
4
23
1
25
18
25
24
28
1
23
14
1
14
27
9
24
20
23
9
9
11
4
14
23
10
10
11
18
11
1
28
18
11
11
28
23
25
20
24
20
23
23
27
14
24
4
27
18
20
23
4
4
11
24
18
22
11
24
1
18
9
22
20
22
18
24
28
18
10
18
20
14
25
4
20
24
23
24
23
23
9
23
27
11
18
27
25
25
27
10
19
19
19
24
18
22
1
19
24
28
23
14
1
25
28
25
19
20
1
9
27
25
23
9
23
28
19
27
9
18
25
28
28
28
18
9
18
18
19
11
10
14
28
19
4
25
20
22
1
19
25
25
11
19
23
19
19
4
4
9
10
1
23
4
14
9
11
23
14
22
22
10
9
20
20
18
19
24
24
10
24
20
1
18
10
4
22
4
1
27
24
28
1
18
25
25
9
11
24
11
28
9
14
11
20
20
9
28
27
23
25
27
20
1
9
1
27
9
11
28
25
20
27
4
22
4
25
4
24
10
22
20
18
28
9
23
27
14
23
1
1
18
9
10
10
20
28
25
25
25
14
28
10
10
28
9
4
28
27
27
27
28
23
18
23
9
14
9
27
10
22
14
28
28
4
27
4
27
27
28
24
27
14
22
11
28
1
1
11
18
24
4
22
23
28
22
10
20
28
9
20
23
28
18
10
11
11
11
18
27
10
25
11
9
10
20
23
25
23
1
27
23
10
11
24
18
25
9
28
22
28
1
19
19
22
20
9
10
19
24
22
25
9
1
27
28
28
14
27
28
23
9
11
28
18
10
25
24
18
1
28
19
18
1
19
18
18
1
11
9
11
18
14
10
14
28
23
27
4
14
4
28
22
4
4
11
22
22
28
27
1
9
19
24
1
24
10
24
19
4
20
14
24
1
27
14
22
20
14
19
18
9
1
18
28
22
10
22
19
10
18
20
27
10
18
18
9
25
28
23
27
4
1
4
4
10
9
1
23
11
27
19
23
28
9
22
1
22
19
19
24
23
27
10
24
24
23
1
19
27
11
9
19
20
18
24
22
23
1
14
28
14
1
24
18
4
4
1
22
22
1
1
27
10
20
11
28
22
22
1
20
22
4
20
22
27
4
23
20
11
18
23
23
25
24
19
19
19
27
24
11
18
20
27
19
10
14
4
10
20
19
14
28
14
18
19
19
22
19
27
10
14
24
4
27
1
11
22
14
18
28
11
14
9
4
11
24
19
20
20
28
25
24
1
24
28
22
1
24
27
4
9
20
18
27
22
22
25
22
11
25
20
25
18
10
24
22
23
25
1
1
24
14
28
20
20
4
9
28
25
10
19
27
20
10
22
20
10
23
1
20
19
1
10
24
25
1
18
23
22
24
14
9
25
4
14
19
11
14
18
9
18
24
19
24
27
14
14
14
19
24
25
22
23
4
23
1
20
22
9
22
10
14
20
4
20
11
19
28
19
27
27
23
9
27
27
28
19
27
23
18
11
23
10
22
24
23
20
27
28
10
27
1
28
22
10
9
25
25
19
14
1
14
1
14
22
22
23
18
