10
83
50.0
41
57
13
12
4
3
31
67
68
49
58
7
53
44
13
80
74
23
72
35
36
40
13
70
37
18
45
64
48
7
32
50
63
72
11
42
41
54
76
22
3
2
21
4
21
74
17
1
76
46
10
80
33
5
0
12
10
5
37
66
80
80
13
39
54
80
20
66
15
9
5
54
20
51
81
0
74
24
40
22
73
29
75
6
6
44
12
41
5
13
40
4
56
5
77
57
7
65
37
57
80
25
52
59
13
38
40
21
61
69
16
22
36
34
69
54
69
8
47
66
54
47
47
69
61
10
55
4
61
79
9
43
9
21
74
72
41
19
28
5
23
60
5
27
74
6
61
75
10
16
41
66
23
66
57
2
47
41
5
61
37
19
74
3
19
79
4
21
76
58
8
59
69
66
75
72
40
69
59
61
16
82
28
0
61
40
62
57
21
5
80
72
10
22
47
76
16
21
54
14
37
4
28
13
61
4
58
69
8
78
20
54
16
3
44
2
41
71
22
30
3
76
41
59
12
0
13
74
79
8
21
54
82
82
5
72
7
0
76
69
5
24
37
59
22
20
19
80
69
79
74
2
3
72
20
8
10
44
28
74
79
40
22
26
3
61
3
58
82
72
57
80
28
76
5
75
61
21
28
66
76
58
79
80
24
16
24
66
2
9
28
41
20
79
21
3
66
5
9
20
3
61
47
21
69
82
2
2
41
13
61
57
79
61
13
8
3
16
37
5
42
40
72
6
22
20
13
19
12
41
76
44
72
28
61
10
6
72
2
36
79
9
69
36
44
24
21
2
72
80
82
80
23
54
54
16
37
80
20
6
16
57
16
28
5
78
72
9
20
24
54
47
76
4
8
36
57
59
5
22
75
42
61
8
41
69
0
7
13
74
47
40
3
74
42
80
66
8
20
24
9
10
72
59
4
8
37
75
44
57
20
19
16
4
21
72
20
24
28
40
10
20
22
47
6
12
21
20
80
2
2
0
12
21
54
12
20
74
69
21
75
66
82
13
59
75
16
76
28
16
75
42
10
22
16
76
20
23
2
42
6
72
80
36
61
10
72
6
2
4
75
28
13
69
28
36
12
4
3
10
74
12
82
76
78
54
8
23
4
0
75
16
76
40
59
69
20
80
37
24
21
12
10
41
36
54
5
47
37
79
23
54
54
3
47
23
72
58
72
19
80
66
44
6
82
0
42
4
8
42
82
76
75
37
19
12
9
23
37
12
8
4
5
42
28
3
78
5
41
19
10
82
57
76
24
79
72
80
79
5
24
21
76
13
78
23
22
58
72
19
80
5
0
58
36
20
40
80
5
54
9
10
6
24
58
42
10
21
40
36
37
58
79
4
41
74
79
28
72
57
8
3
58
22
5
16
20
42
7
80
76
4
72
22
37
21
19
22
12
4
59
13
80
37
12
28
58
75
12
9
37
58
40
12
40
13
0
37
2
7
28
36
66
19
24
58
82
22
69
58
9
76
22
22
9
69
2
10
37
24
8
61
0
79
69
41
3
58
47
75
72
76
76
24
61
42
10
22
59
76
42
79
21
9
23
61
41
7
37
78
82
44
82
44
21
40
78
4
20
72
28
41
24
5
40
12
3
10
10
19
69
57
79
24
82
40
69
79
72
44
9
40
82
82
5
28
80
4
44
80
78
12
72
2
57
37
80
76
24
4
44
42
6
5
36
16
44
0
12
47
24
58
40
57
24
42
66
23
2
76
23
37
44
23
79
66
66
76
59
37
69
75
7
36
6
41
8
72
75
13
41
19
22
24
9
22
12
76
10
8
82
3
10
76
4
75
13
69
8
23
10
37
72
24
0
74
4
61
3
6
20
5
28
22
6
20
79
7
79
8
54
40
23
2
75
58
66
20
80
22
58
6
16
6
22
23
28
13
6
79
41
79
16
54
3
16
59
61
8
7
2
59
24
7
72
10
69
47
79
5
20
74
3
72
72
74
61
69
23
69
37
0
2
47
58
5
21
5
59
37
5
7
37
74
24
57
8
40
19
20
75
44
23
22
10
6
54
40
69
6
41
58
4
23
16
82
12
5
47
3
79
12
20
41
40
6
21
72
72
47
54
79
0
4
19
54
59
16
13
7
75
57
3
76
61
41
75
9
76
7
24
72
36
58
24
12
42
21
72
61
74
21
75
82
12
19
23
59
40
72
76
66
76
72
54
22
10
80
19
13
78
80
3
22
69
54
22
40
10
47
69
59
21
13
3
21
3
20
42
57
0
82
69
78
13
13
7
6
72
80
