10
63
50.0
1
33
34
45
13
27
41
7
13
2
18
30
32
15
2
20
48
61
61
9
34
54
61
50
36
62
51
21
8
13
44
25
48
60
42
17
38
4
35
16
53
44
44
1
52
21
29
1
19
39
24
48
26
13
12
32
33
40
61
21
43
14
5
3
10
13
5
46
19
48
23
53
61
52
14
21
5
2
19
23
5
58
13
12
11
2
0
57
2
42
37
24
7
12
14
7
7
1
56
53
44
52
48
48
22
35
21
1
12
47
11
57
11
6
6
35
2
53
7
35
6
5
7
12
31
34
59
25
19
28
33
59
0
6
49
48
24
59
48
7
11
48
12
14
1
42
6
24
0
13
25
61
57
32
48
59
52
34
42
49
28
21
35
55
49
11
21
12
34
13
24
52
5
59
35
35
21
14
7
7
35
0
7
2
33
5
13
6
49
14
6
42
7
57
42
53
5
28
34
32
48
33
14
19
53
55
55
24
24
61
35
47
5
1
55
35
23
21
33
35
25
55
13
7
7
7
28
11
52
35
14
59
11
42
55
5
52
34
47
23
49
11
2
42
49
25
19
12
2
57
6
53
19
7
33
42
1
1
47
42
11
33
42
1
1
57
11
59
58
32
0
6
42
6
32
32
1
59
53
1
42
6
61
32
12
32
0
44
53
13
58
42
19
0
44
2
5
47
21
55
48
13
12
47
1
1
28
2
0
1
49
53
58
12
52
25
7
12
53
0
21
58
44
55
53
58
32
55
34
35
25
24
52
59
7
14
59
48
21
49
12
21
25
53
25
42
13
2
53
49
34
58
19
52
44
21
53
49
42
35
57
42
7
35
6
57
2
34
12
53
7
23
5
1
47
33
53
42
35
0
55
52
24
7
6
28
57
34
28
2
44
34
6
48
12
53
6
35
55
28
52
61
21
33
32
7
53
44
23
59
53
52
59
61
24
44
34
13
35
28
48
0
57
47
28
49
35
48
13
24
48
23
42
1
21
7
2
1
21
28
13
7
13
59
33
11
24
32
61
25
32
48
33
61
49
34
24
49
57
34
44
12
28
48
55
14
1
28
21
12
57
23
13
23
55
24
49
7
61
11
61
32
1
11
24
42
49
24
7
0
19
28
53
33
21
2
2
23
53
12
21
42
1
6
24
49
6
23
47
1
44
59
33
1
61
19
42
33
21
52
47
25
11
44
19
48
21
14
28
7
13
1
11
34
24
48
48
44
42
23
47
0
25
35
7
57
28
57
21
2
59
33
47
11
25
6
0
5
61
21
42
21
49
12
52
61
24
24
2
57
49
23
12
25
33
52
21
33
2
2
55
12
52
53
52
53
35
0
44
14
2
28
24
12
47
61
6
13
32
33
48
44
12
14
49
6
52
42
1
53
33
47
42
5
35
49
12
11
14
53
28
6
14
19
11
48
42
57
21
44
25
13
35
19
24
1
21
7
6
21
49
53
19
33
6
0
24
58
52
47
53
42
53
53
59
24
47
5
52
21
7
55
6
48
21
2
33
19
58
61
58
7
32
5
1
57
13
32
61
14
19
25
13
21
42
1
23
14
28
55
5
25
7
13
33
42
57
61
34
59
21
44
0
57
5
25
7
23
7
57
0
44
24
0
61
42
7
47
1
53
58
57
13
35
61
12
24
32
24
33
25
7
5
28
55
59
25
0
1
42
1
1
23
57
61
61
42
57
14
25
7
44
33
59
44
55
23
48
23
28
6
1
19
23
12
59
52
61
49
58
0
49
13
32
53
49
1
35
7
48
13
33
13
2
25
12
48
5
34
19
1
24
5
6
53
57
7
2
53
57
23
55
7
14
49
13
21
19
25
19
19
44
21
11
2
2
44
58
28
23
55
53
47
11
32
52
23
12
11
24
21
2
12
61
49
23
53
61
42
42
47
52
52
1
19
2
52
57
42
12
32
55
1
19
61
0
1
2
33
2
23
6
61
6
52
1
12
59
53
57
2
13
44
2
12
32
25
33
11
32
58
1
14
23
14
61
19
6
6
1
53
23
44
48
34
42
42
13
32
19
19
33
24
6
19
5
61
1
21
13
49
58
0
34
5
6
42
35
47
21
25
57
7
52
12
47
12
1
58
32
33
5
47
44
42
42
34
53
5
32
42
52
53
55
42
21
44
32
6
5
55
32
28
19
53
5
11
13
11
1
19
35
58
1
33
19
23
28
58
61
52
61
28
32
25
47
2
57
21
25
47
21
6
12
35
48
58
23
19
42
48
6
48
0
42
47
2
52
34
33
