10
62
50.0
25
4
32
54
33
1
36
2
18
8
19
53
16
9
10
45
20
2
22
57
53
61
21
42
12
34
29
55
44
6
13
58
35
41
7
0
34
16
38
14
44
53
20
26
52
44
60
60
23
4
23
16
2
47
43
41
60
50
11
39
5
24
49
31
39
5
7
51
47
30
41
38
51
28
20
39
16
16
3
35
60
38
39
38
2
23
15
9
23
34
51
34
56
46
21
48
44
9
27
2
5
44
16
11
41
41
2
59
39
35
61
7
26
48
53
61
4
41
11
9
53
43
26
53
21
47
16
37
38
37
28
60
21
20
20
41
7
40
3
45
3
35
37
16
48
34
20
38
2
41
44
35
5
39
51
34
49
48
39
20
26
60
47
9
20
21
49
26
15
23
20
53
47
11
4
9
17
61
7
2
35
38
39
26
9
11
61
39
4
3
28
11
26
39
5
49
16
61
15
34
61
60
2
37
44
34
11
4
11
20
16
28
11
21
47
9
3
53
3
28
49
4
7
3
9
16
51
51
53
47
3
26
60
44
11
48
49
38
61
38
15
26
39
60
16
41
61
35
61
39
39
28
17
11
38
17
37
4
61
17
9
26
49
37
21
53
9
9
35
34
2
38
43
34
28
28
11
53
20
47
49
16
49
61
60
60
34
28
34
53
61
16
39
2
53
23
45
2
28
53
5
43
17
41
4
21
7
37
44
7
23
39
45
11
2
43
45
23
5
16
47
41
47
15
35
47
2
37
11
43
60
2
26
45
51
41
5
28
61
45
47
5
20
45
60
48
51
51
47
41
26
2
28
34
21
51
44
41
9
23
5
4
53
16
51
37
28
61
53
43
48
48
21
49
53
53
49
4
11
49
48
48
37
44
28
4
28
9
48
44
28
60
17
28
11
5
26
2
60
60
43
28
41
9
11
26
28
2
34
44
53
4
53
9
17
20
2
61
17
15
3
44
20
9
17
47
4
48
2
39
43
2
37
23
2
7
4
61
35
49
23
47
44
21
35
38
23
28
41
9
47
60
60
9
15
53
2
51
28
3
21
51
26
48
47
28
44
41
34
4
5
35
43
5
61
35
60
20
53
15
39
11
48
3
28
2
43
26
4
35
4
11
48
5
20
41
43
28
38
11
20
7
51
7
47
37
4
44
15
45
39
23
45
41
11
17
23
60
34
11
21
4
45
26
4
11
51
49
53
48
39
47
26
53
2
28
49
17
28
34
16
41
9
35
2
9
34
35
43
4
45
44
34
61
21
41
4
60
51
61
44
49
4
60
47
7
20
16
16
26
38
34
11
21
2
44
61
17
53
5
7
21
43
26
38
5
2
16
26
41
49
20
61
16
41
61
38
11
17
15
7
26
17
48
17
60
2
43
21
16
51
41
21
28
5
41
3
2
45
26
28
37
15
37
53
23
49
28
16
9
5
37
49
34
35
11
43
3
23
4
44
11
44
61
9
3
15
26
34
51
11
45
53
35
3
37
39
48
20
28
15
51
45
4
38
26
39
4
4
23
51
17
7
51
48
4
21
23
47
38
20
3
39
35
17
7
9
11
5
38
34
23
26
16
5
34
61
53
7
47
48
2
16
35
15
26
9
2
53
7
37
21
60
28
26
61
51
5
61
43
11
9
4
15
21
26
35
2
7
41
37
20
53
23
39
44
49
61
37
17
23
47
53
37
23
39
7
39
60
5
44
34
11
2
3
51
7
3
45
16
39
41
44
49
11
23
23
60
43
26
20
23
39
28
45
49
49
21
47
11
15
38
43
26
28
61
9
47
11
26
49
48
47
11
38
44
39
7
21
9
45
60
2
34
2
43
43
49
2
49
53
5
2
51
41
23
9
47
39
3
5
7
4
49
49
48
11
16
60
47
2
37
5
37
43
35
45
45
43
51
7
34
5
51
38
60
39
9
51
17
21
61
44
39
7
41
49
48
39
9
39
7
17
17
47
26
15
5
60
7
9
39
60
11
60
7
35
41
28
37
51
16
4
60
49
34
45
20
7
4
2
9
4
34
53
21
53
34
5
35
53
47
28
9
61
7
49
53
16
17
61
15
28
53
9
41
48
11
7
39
21
41
48
4
23
3
7
7
51
15
38
49
51
9
9
47
48
20
61
4
47
17
51
35
61
23
11
15
4
49
23
38
34
17
53
41
41
34
45
51
51
35
26
26
47
16
23
26
45
5
49
28
34
51
23
17
4
26
5
39
7
28
41
60
3
60
7
39
28
49
4
43
38
41
5
5
51
9
20
34
