10
35
50.0
6
22
0
8
11
32
27
21
23
16
29
24
12
34
15
31
3
14
6
4
0
20
31
19
29
15
33
20
5
25
15
2
6
6
4
30
13
9
5
6
9
17
22
7
28
6
10
10
2
29
3
20
4
5
20
25
3
4
7
3
6
3
26
26
9
3
9
3
15
25
25
2
29
2
15
20
18
29
25
10
22
5
18
1
22
29
20
15
10
3
6
10
22
20
22
29
2
4
25
3
3
4
18
25
25
10
29
26
22
10
15
2
31
9
3
26
10
1
29
1
1
29
3
7
20
31
20
0
10
29
22
6
2
1
4
29
26
22
1
0
3
7
0
9
20
0
10
9
29
18
9
7
9
22
7
25
20
0
3
22
6
25
20
1
7
31
1
6
18
10
9
3
9
6
31
0
9
22
25
20
25
22
10
5
9
15
10
22
18
10
4
3
29
15
22
20
29
10
3
26
3
5
5
15
29
29
3
29
31
4
2
0
15
0
1
31
3
5
1
29
22
29
9
6
10
6
22
4
7
29
29
22
3
6
5
31
29
26
22
4
10
31
6
7
29
6
4
6
18
1
10
2
0
6
15
9
22
5
25
18
7
6
15
10
15
3
31
25
26
10
26
5
3
10
2
26
3
7
18
31
2
1
2
31
4
25
5
15
18
26
18
2
26
2
2
3
31
25
20
3
5
0
15
7
20
0
9
29
9
2
31
0
4
15
1
5
22
6
18
1
25
7
10
20
26
7
4
0
10
20
2
29
2
22
9
25
10
26
22
4
0
20
25
25
10
5
3
3
15
15
5
29
10
22
20
10
26
20
29
18
1
29
29
7
18
20
1
0
1
15
26
26
4
31
2
1
20
10
31
26
2
3
6
9
29
22
26
4
31
18
9
6
4
20
15
3
25
2
4
29
0
18
20
18
15
20
18
29
31
31
9
25
7
3
31
25
5
7
20
9
31
2
6
29
29
22
3
3
2
3
4
31
2
9
9
18
5
9
4
9
18
1
15
15
5
25
0
20
3
31
22
26
2
22
31
31
0
31
3
1
4
2
15
0
22
10
26
2
5
5
9
25
20
9
10
29
0
4
1
25
5
0
3
18
9
9
18
9
18
31
18
15
2
1
4
25
15
26
29
5
1
6
31
2
6
20
29
4
1
3
18
4
7
3
20
25
20
2
1
7
4
10
3
2
3
1
22
15
26
10
22
2
2
2
5
7
9
31
31
0
6
0
22
22
9
2
2
25
3
20
6
6
4
31
25
20
26
4
15
7
25
6
3
7
22
25
9
25
18
10
4
10
5
31
4
22
29
26
20
18
15
7
15
26
18
22
0
9
10
15
9
15
22
2
10
18
6
5
9
2
3
9
6
22
3
31
3
1
26
26
22
29
31
9
7
2
7
5
6
31
6
26
6
31
15
7
20
3
6
2
7
18
5
31
25
20
22
5
15
18
3
3
2
22
29
20
7
9
4
2
25
20
15
1
20
29
15
22
22
4
2
6
22
3
7
3
5
29
29
6
6
6
0
22
5
9
22
0
5
29
3
0
2
5
6
9
10
5
4
29
1
0
5
18
9
3
15
2
18
25
29
22
10
20
5
18
3
0
6
1
2
22
15
4
3
1
25
31
2
2
3
5
15
0
4
2
4
25
20
4
10
6
5
25
2
1
15
0
25
20
0
25
6
5
25
31
29
2
25
1
2
2
2
7
26
25
26
10
0
5
5
3
10
26
15
2
4
4
9
6
10
6
5
1
5
29
7
3
20
0
9
15
29
0
3
6
10
5
22
10
6
0
29
22
6
22
1
29
15
4
31
1
4
2
3
25
15
18
29
4
5
15
2
4
29
7
10
10
3
1
25
0
25
6
22
2
18
3
7
3
5
26
9
1
20
5
10
18
2
25
25
1
22
18
0
29
5
18
10
22
20
2
7
5
10
15
26
9
18
2
4
0
18
26
9
1
5
6
9
31
0
18
15
15
6
18
22
25
1
6
2
10
25
31
1
9
5
15
6
31
5
29
26
15
6
29
0
22
20
25
20
22
9
31
0
4
1
7
2
0
9
4
10
10
25
10
2
1
29
5
5
15
2
4
15
22
31
3
0
18
25
4
20
31
15
4
5
20
6
9
9
10
31
22
26
10
15
5
7
7
0
22
0
7
6
7
18
20
10
20
7
2
18
29
2
29
10
25
1
15
5
29
9
26
0
7
3
15
4
20
31
4
31
15
2
29
15
2
0
2
2
3
5
7
0
29
0
18
22
5
