10
53
50.0
19
37
46
23
42
10
22
41
47
43
30
25
38
30
14
11
25
32
43
30
43
20
23
36
40
15
39
50
30
37
8
17
12
3
25
1
29
38
4
45
38
15
25
39
29
0
37
52
48
0
33
11
15
7
39
27
28
17
27
20
34
49
27
29
31
48
1
27
20
27
18
16
27
38
45
11
47
37
20
43
26
43
51
11
35
51
9
5
11
34
20
42
42
51
6
23
42
15
24
17
45
34
38
12
1
34
47
39
36
21
39
0
36
34
15
51
27
20
20
5
34
35
11
42
12
39
35
5
35
51
27
25
45
17
2
34
39
11
44
29
15
23
15
30
5
1
23
30
25
35
35
48
12
24
0
29
15
17
13
1
15
12
34
45
5
30
48
36
15
30
17
45
23
11
43
11
48
25
42
29
39
47
24
2
34
25
23
20
0
36
17
39
29
36
47
11
48
1
42
47
25
1
27
36
48
48
51
23
11
2
34
47
47
5
1
11
20
23
30
35
51
37
42
37
34
11
2
27
45
0
2
48
5
25
0
48
1
39
0
0
38
2
39
43
29
11
35
51
51
12
35
48
20
23
25
42
35
43
51
29
48
15
1
45
43
1
20
11
30
42
39
2
27
51
37
29
2
45
0
35
27
5
29
12
25
43
47
2
1
39
17
43
20
37
2
30
45
25
5
25
51
2
1
0
38
27
2
35
25
45
43
30
47
23
29
47
34
27
47
15
20
12
25
34
25
25
51
47
1
24
5
43
38
42
30
39
12
29
24
37
25
43
36
27
5
11
5
23
12
11
43
36
17
37
23
2
42
17
15
38
1
5
15
48
36
36
30
17
36
17
51
38
35
20
15
37
12
37
48
2
36
27
17
17
37
43
39
29
37
23
48
45
45
37
38
34
15
34
34
5
36
43
27
27
43
48
12
37
34
45
24
36
2
43
38
51
35
47
23
17
23
25
30
0
30
30
47
27
34
38
29
37
30
38
25
5
29
38
34
12
48
11
30
24
12
43
34
48
35
29
15
15
24
1
24
43
25
23
25
48
15
15
15
45
20
45
2
27
36
34
42
38
42
30
2
2
1
20
15
11
36
23
25
39
43
5
20
42
5
43
42
15
5
2
51
48
29
17
0
35
17
34
51
36
37
45
51
17
45
38
27
45
36
43
11
51
20
27
29
20
42
42
29
43
37
30
43
38
29
24
36
17
12
27
48
35
25
38
11
11
24
2
29
45
20
11
34
12
43
39
25
0
39
27
34
25
25
43
15
36
29
20
36
37
17
24
38
48
37
35
15
2
47
51
48
2
23
1
30
29
1
29
27
12
43
48
25
42
15
27
43
51
34
5
36
27
2
51
48
27
34
24
27
35
34
2
11
42
17
30
48
2
0
20
48
45
38
23
47
20
51
12
34
47
12
37
25
34
20
15
23
20
1
27
27
15
30
45
37
17
51
43
51
37
29
25
11
30
5
5
36
36
20
23
51
23
25
51
2
2
15
38
38
1
38
39
11
42
15
43
37
25
48
25
43
23
25
43
27
43
20
27
27
12
24
37
37
11
29
5
11
11
51
48
42
15
36
30
48
34
1
39
25
48
24
20
39
23
5
30
30
47
29
17
30
23
30
15
36
11
11
24
11
43
47
37
42
43
30
51
51
15
35
38
29
5
23
48
39
25
36
27
27
17
27
48
30
37
11
42
2
47
25
42
47
12
30
12
27
30
2
34
42
5
38
30
15
23
0
15
15
27
45
5
12
45
0
15
47
15
5
39
43
1
0
25
27
15
11
2
15
30
35
34
43
15
24
42
42
11
1
34
27
12
20
45
15
36
5
23
20
12
15
38
24
34
20
23
51
27
23
29
47
0
1
0
42
47
23
11
30
38
38
15
42
37
15
2
36
29
39
20
0
37
37
27
20
25
37
11
12
27
17
48
0
25
51
0
47
30
51
45
12
43
1
47
1
1
5
1
43
42
37
51
17
47
5
1
0
17
0
27
12
27
29
47
30
25
38
45
25
43
11
20
12
34
42
48
20
37
48
17
0
25
2
47
47
30
27
42
17
17
11
42
24
0
0
0
35
11
15
0
43
1
20
42
39
43
47
0
47
27
36
45
0
51
38
17
20
1
25
2
24
23
37
25
27
48
38
1
48
36
30
25
51
45
39
20
35
27
24
42
15
11
1
27
30
12
2
25
48
1
45
20
23
23
38
43
27
47
34
37
2
24
0
51
0
25
47
39
24
20
36
23
27
23
34
15
48
42
