10
22
50.0
15
13
20
10
3
1
10
4
17
10
21
9
14
18
18
16
8
2
0
12
21
17
2
19
3
19
12
10
21
5
10
11
5
10
6
2
12
0
19
19
0
10
7
13
13
17
10
17
3
18
3
21
10
12
5
18
21
19
12
17
18
19
2
12
10
18
18
18
18
13
13
5
21
12
2
10
3
17
5
2
21
13
17
17
10
18
0
21
12
17
13
0
17
19
18
17
18
12
2
3
2
13
10
3
13
17
3
10
2
12
2
5
12
10
19
12
3
10
17
2
0
21
18
19
0
13
17
13
12
18
10
21
0
10
3
19
5
10
12
13
2
2
10
3
13
17
2
18
17
18
19
18
18
18
19
0
3
12
12
10
13
3
3
0
19
12
0
19
19
19
2
13
0
2
21
10
2
12
5
17
5
21
0
12
21
3
18
12
18
21
0
5
0
19
10
21
21
10
18
2
13
17
3
19
17
5
12
19
5
17
2
3
5
2
21
18
10
13
17
5
5
10
3
3
18
21
12
2
19
10
5
0
17
12
17
21
13
3
13
19
10
3
13
18
10
17
13
12
10
2
3
0
0
3
18
2
12
13
3
5
0
18
0
12
13
10
13
0
19
0
18
0
19
17
3
2
21
2
2
2
13
0
10
19
5
17
17
3
18
3
12
12
10
13
19
3
13
2
17
13
21
10
19
17
17
18
17
3
3
21
2
18
18
18
21
5
2
3
18
3
17
10
2
18
17
13
2
17
18
19
18
10
13
17
0
0
3
17
18
12
0
21
13
17
0
0
13
19
0
18
5
10
19
19
18
5
5
21
2
12
18
12
0
2
2
13
10
10
10
21
18
12
5
13
5
17
0
17
19
12
10
19
2
12
21
10
5
19
13
13
0
13
17
12
12
10
2
21
3
12
19
2
2
5
5
18
12
19
19
2
0
19
2
21
18
19
2
13
21
3
3
19
10
12
17
21
21
13
3
19
13
19
17
17
3
17
18
19
21
19
2
21
3
17
0
17
3
19
0
10
21
21
10
12
21
2
2
19
10
19
12
10
5
3
3
5
5
17
19
2
13
21
18
2
17
3
21
13
13
3
5
10
13
18
18
3
13
5
18
19
10
10
17
10
10
18
21
18
0
5
12
2
12
21
0
10
0
3
2
17
13
19
13
18
5
21
21
10
0
17
12
3
5
13
10
10
13
10
10
3
19
18
18
18
10
17
13
17
17
12
21
3
10
19
18
21
5
0
0
21
18
19
12
2
12
13
19
13
2
2
3
17
5
10
17
0
5
13
0
21
18
10
0
0
0
5
18
21
19
19
13
18
3
18
12
17
13
19
0
18
0
21
19
18
5
17
5
13
13
12
3
21
19
18
3
17
12
0
13
21
3
0
19
5
17
18
3
19
19
10
18
10
2
0
21
19
12
5
5
2
10
5
5
18
5
19
19
0
21
12
13
0
13
19
12
3
19
5
13
2
0
3
19
21
3
3
13
12
17
0
10
19
21
5
19
10
2
5
19
2
5
18
5
21
21
3
3
18
10
18
2
18
10
0
3
17
19
5
17
18
18
19
21
3
13
18
18
5
21
3
10
10
10
2
21
10
18
13
12
0
0
10
2
10
13
5
10
18
21
3
13
2
13
5
19
2
0
5
19
18
2
17
17
10
12
12
17
0
3
10
19
18
12
12
17
19
21
13
5
12
2
3
10
17
2
3
18
10
0
12
12
12
0
17
0
21
10
3
21
18
17
2
3
0
19
5
12
10
5
10
0
12
0
10
10
12
17
21
5
0
3
10
18
2
3
21
13
5
5
0
12
12
3
21
10
10
18
12
3
17
10
3
3
13
18
17
2
18
3
21
19
3
3
12
5
10
3
3
5
12
5
19
13
13
0
17
17
21
5
17
10
2
19
5
21
3
19
19
10
10
0
0
12
21
19
12
21
2
18
5
5
13
2
10
10
21
2
10
2
12
3
0
12
12
21
17
3
13
3
2
19
19
12
19
0
10
13
5
3
19
17
2
13
13
0
18
12
13
0
10
5
17
19
5
18
10
19
3
3
13
12
5
5
10
13
21
12
0
2
5
13
18
0
21
0
13
12
5
2
18
3
12
5
18
17
19
12
5
12
5
17
13
5
10
17
19
21
21
13
0
10
21
3
12
18
18
21
21
19
21
0
21
10
12
2
17
2
3
17
0
18
13
18
2
2
5
12
12
13
3
17
18
12
0
0
2
13
3
13
2
18
12
5
18
17
3
18
2
5
12
