10
82
50.0
61
21
52
54
57
35
25
16
77
36
18
11
14
13
42
47
53
14
64
17
23
79
20
22
31
66
10
15
81
22
56
81
10
6
74
71
56
65
24
38
36
39
51
80
35
65
0
76
38
69
22
8
10
48
30
36
4
34
50
39
12
37
70
13
43
78
62
14
26
44
67
45
23
56
3
30
4
29
51
11
7
47
68
50
12
10
63
75
46
38
1
40
38
41
19
64
68
58
70
55
14
23
29
54
38
32
68
30
27
63
70
5
38
31
5
12
70
13
32
70
38
63
6
14
62
24
56
30
63
24
68
65
68
27
44
9
63
7
47
29
81
22
62
22
28
33
1
10
2
27
28
73
13
5
23
27
38
24
30
59
65
30
69
49
7
36
44
35
9
1
39
62
51
24
5
56
27
69
40
38
62
47
56
44
81
13
62
69
72
22
32
11
11
2
68
56
13
50
6
65
28
35
51
44
49
32
40
14
23
14
63
6
31
22
1
54
13
12
2
35
7
44
54
9
54
2
65
14
70
6
81
64
54
38
32
24
51
60
69
31
12
10
28
38
68
7
13
22
44
13
64
44
2
69
49
7
14
5
68
44
54
14
13
4
65
1
49
5
70
10
50
49
44
36
5
4
2
65
63
39
10
31
7
56
5
70
56
9
29
7
9
6
1
35
5
54
44
2
24
63
69
50
7
2
30
32
69
29
31
50
29
38
47
47
64
38
63
4
36
56
54
11
64
68
9
47
29
70
35
69
38
30
81
35
63
40
30
38
1
69
36
69
6
81
63
32
1
65
70
70
29
28
29
51
44
23
13
62
63
23
6
1
9
65
44
49
36
47
40
47
63
51
14
6
50
65
38
6
50
6
10
35
27
9
31
30
4
51
27
7
12
22
24
32
38
35
27
50
40
14
6
36
51
32
69
13
40
9
5
5
7
54
4
64
36
65
49
2
63
44
12
28
50
49
65
63
24
7
9
40
54
30
22
63
65
12
27
14
50
35
38
70
32
40
65
65
7
31
81
38
35
22
5
22
30
11
28
68
68
4
24
40
12
35
69
13
81
23
47
13
4
35
50
64
22
50
69
22
70
68
54
13
5
36
56
10
64
69
49
39
30
62
1
40
29
10
32
31
50
32
36
6
23
5
23
54
9
38
68
11
35
2
38
44
64
13
40
68
39
47
51
29
68
54
49
40
22
54
5
24
32
62
54
7
1
12
31
69
54
30
39
69
36
9
7
68
35
69
56
50
38
14
38
14
44
23
54
23
56
70
35
24
28
68
1
24
49
70
65
5
50
70
9
22
4
32
38
5
22
30
23
38
32
44
35
28
36
11
44
7
63
30
1
6
29
64
38
12
38
38
31
44
65
51
5
62
44
54
40
50
54
54
7
12
81
27
6
70
35
44
14
23
4
7
54
29
1
69
51
70
47
7
28
65
14
9
39
27
29
31
36
10
24
44
64
50
50
50
13
64
13
6
40
13
24
40
23
27
39
32
64
36
6
6
2
6
62
35
70
56
12
70
12
62
10
54
64
44
22
64
4
69
9
22
36
35
35
30
36
5
64
64
14
7
38
40
28
23
4
63
64
40
10
63
64
12
11
35
38
38
10
40
70
81
7
9
13
9
27
40
49
62
69
40
69
35
49
64
63
11
28
62
36
50
13
24
4
6
64
50
47
65
14
51
28
62
30
81
5
2
69
22
24
1
50
14
51
10
81
70
11
13
10
1
27
4
11
6
68
28
5
6
23
29
14
70
63
47
81
14
54
4
11
50
32
5
40
13
10
50
12
27
6
39
62
44
5
38
29
70
30
40
2
1
14
69
47
47
56
81
70
39
47
22
35
39
29
12
27
35
69
13
35
81
27
56
1
5
70
6
1
69
2
50
24
64
64
39
31
24
30
12
40
36
10
30
69
62
9
12
13
49
69
54
44
2
12
38
5
35
62
2
11
54
62
65
6
54
49
54
28
49
70
62
1
81
63
1
49
27
54
10
32
39
65
54
7
70
24
39
62
11
68
30
47
51
35
38
39
23
10
2
12
69
32
24
9
14
62
7
4
54
14
9
23
4
24
39
29
47
23
4
27
39
68
47
47
54
4
32
49
10
9
4
70
1
1
54
63
23
39
36
35
56
64
69
24
31
11
23
2
9
2
35
31
47
63
5
6
12
36
28
65
47
24
69
50
13
39
50
13
22
5
63
2
56
39
23
14
62
38
14
2
51
14
64
29
9
68
70
70
54
24
44
13
68
36
1
56
64
