10
24
50.0
4
12
22
8
17
10
21
13
6
16
11
9
7
15
10
19
21
15
15
5
20
15
14
0
12
21
12
1
1
21
18
12
2
23
5
9
5
5
21
2
21
10
2
12
12
15
9
21
10
10
21
2
2
9
10
5
12
1
10
1
9
1
8
12
2
0
9
8
2
2
8
0
8
14
3
12
15
1
0
1
15
0
9
10
10
8
3
3
12
21
3
15
9
5
1
12
5
5
3
12
0
1
15
9
15
0
3
21
10
9
1
8
21
15
5
0
0
21
8
12
8
10
1
14
3
2
5
21
12
2
14
0
9
15
14
10
14
1
15
3
1
9
8
15
8
12
21
0
21
8
14
2
8
15
5
10
8
3
1
12
1
2
10
9
15
21
0
0
8
1
10
2
3
1
1
3
0
15
21
3
3
0
14
15
21
2
14
12
2
15
5
21
8
14
0
5
3
9
14
15
15
21
14
0
3
14
12
21
1
14
5
12
14
9
3
10
0
1
14
10
21
3
0
9
5
0
10
1
9
14
3
12
5
12
1
9
10
14
21
10
0
0
8
10
5
15
14
10
2
2
8
9
9
3
9
9
3
5
21
15
9
8
3
12
14
2
12
14
1
3
8
10
0
9
2
9
9
14
3
2
21
21
0
8
14
5
8
12
2
21
3
21
21
0
12
9
14
8
12
9
21
10
8
12
5
1
9
0
0
15
9
3
1
10
2
3
8
2
3
0
5
8
15
2
9
2
2
0
15
9
10
14
5
0
1
12
1
3
1
10
3
2
1
3
3
0
12
14
1
21
2
5
1
14
8
12
1
21
14
21
9
10
21
3
14
3
1
3
3
21
3
12
5
10
15
12
9
1
14
9
21
14
1
14
15
3
10
5
12
0
0
5
12
10
10
9
14
1
21
9
1
9
0
9
12
9
2
1
8
12
12
14
9
14
0
3
0
8
8
3
9
3
0
5
1
8
14
21
3
8
3
5
14
2
0
3
12
15
21
12
14
3
10
1
2
15
8
9
15
0
9
5
1
8
15
1
10
10
21
5
15
12
10
3
5
14
14
14
9
14
15
14
2
15
8
2
0
2
12
10
15
5
8
21
0
2
1
12
9
21
15
12
10
15
9
14
10
8
21
9
10
10
0
15
5
9
21
8
0
21
3
3
14
9
9
1
5
10
15
15
3
12
15
3
8
14
15
0
1
10
0
2
9
0
0
14
21
14
9
14
3
10
5
3
12
15
2
3
5
1
15
14
21
12
3
1
0
21
15
2
10
5
5
14
15
15
21
12
3
10
9
12
15
5
8
21
21
3
2
5
1
14
15
12
5
3
0
21
14
8
5
3
10
0
0
12
0
14
15
9
2
8
5
10
2
9
9
15
5
1
15
10
10
0
2
9
14
8
1
5
5
12
10
1
3
21
10
10
1
5
1
2
2
8
0
21
14
2
14
3
0
5
15
1
1
21
15
8
12
15
3
2
5
9
21
1
3
5
3
5
21
10
12
9
21
2
2
12
14
8
3
14
12
14
10
0
2
10
0
10
0
10
0
9
0
21
5
15
3
10
0
9
1
1
0
1
9
3
1
0
14
9
9
8
3
15
8
12
15
10
12
2
2
14
0
1
14
21
12
3
15
3
5
12
8
14
10
21
14
12
2
9
8
8
12
2
14
14
8
14
8
21
1
15
5
21
8
2
3
14
14
8
5
14
5
0
5
21
5
8
15
12
9
8
3
5
12
21
1
14
3
12
8
21
0
1
14
0
15
10
12
8
15
3
5
10
5
15
2
5
2
3
15
15
10
14
12
1
21
8
1
8
2
0
8
3
15
15
10
2
12
0
9
1
12
15
12
2
0
10
3
0
12
1
2
8
9
14
1
15
1
3
10
15
9
1
10
1
21
2
1
5
5
1
8
10
9
0
15
15
10
2
10
10
3
8
12
0
15
10
1
2
21
0
1
1
1
0
9
0
8
21
5
8
3
9
12
0
21
9
0
3
14
14
9
10
5
8
14
9
21
8
3
9
8
12
9
8
14
12
8
10
10
5
21
14
8
9
14
8
2
3
8
21
5
1
5
10
10
3
1
10
10
2
1
8
3
3
2
8
12
8
10
8
15
12
8
0
10
0
1
8
21
2
15
14
2
15
1
3
14
10
1
1
3
2
21
0
10
3
2
12
14
1
15
21
9
8
1
21
1
10
12
9
14
9
14
1
2
12
21
12
10
1
9
21
12
14
15
5
0
14
0
12
3
1
5
21
21
10
