10
71
50.0
44
47
59
18
0
25
5
38
3
35
23
58
54
17
50
51
27
37
20
55
4
40
52
27
65
5
32
67
59
19
4
30
56
6
36
19
65
50
60
31
5
17
65
4
59
46
10
13
16
24
65
39
30
58
45
19
64
28
59
23
2
8
26
65
35
69
35
42
23
29
54
34
65
66
48
56
26
44
61
10
35
17
13
20
33
54
48
49
68
7
58
19
59
49
1
11
26
13
12
57
2
59
62
2
4
4
59
9
43
58
22
54
20
21
60
65
70
35
22
26
15
60
23
54
5
10
10
42
27
63
28
70
34
20
35
58
65
43
63
28
14
54
62
62
56
1
41
63
50
42
65
17
1
17
10
13
23
63
66
50
13
59
53
60
34
43
35
54
41
22
17
10
5
66
66
22
60
12
59
27
66
70
60
50
59
20
62
5
17
43
20
23
48
10
70
62
1
30
54
26
58
60
17
30
57
49
26
65
59
70
34
17
1
34
5
23
28
12
50
22
30
13
49
57
4
19
23
58
23
19
42
65
23
17
44
63
5
1
43
48
41
26
17
12
34
60
50
34
30
43
30
57
35
13
34
44
34
20
59
5
54
60
41
27
1
66
42
49
62
65
44
60
57
54
4
19
65
1
10
58
41
44
13
10
63
22
62
70
49
23
34
26
20
30
28
17
41
62
43
66
44
60
65
57
50
17
26
12
17
22
2
50
63
12
43
22
13
57
12
56
20
57
48
13
10
28
4
1
54
43
65
56
59
5
5
65
66
62
65
20
20
43
30
10
35
13
10
50
56
54
28
66
30
19
65
19
63
34
56
58
41
54
48
66
50
41
57
41
30
50
30
10
60
34
30
57
57
34
57
34
12
58
5
41
13
4
43
28
59
1
54
62
30
28
57
34
5
1
42
22
35
2
63
60
66
2
62
58
10
66
30
17
57
42
34
66
34
34
57
70
4
27
23
44
28
50
28
26
28
50
35
50
34
42
27
4
2
49
58
63
23
22
34
5
54
12
34
22
26
1
49
66
28
58
70
49
41
20
60
44
35
57
58
20
13
1
34
12
62
54
65
41
60
10
62
20
30
50
58
4
42
50
12
70
22
22
2
20
60
60
27
17
34
42
13
34
57
13
66
44
57
63
50
42
26
4
60
54
60
43
58
34
42
66
59
49
1
44
43
56
43
12
43
22
30
19
23
1
35
26
10
58
50
63
50
26
62
10
58
70
58
57
54
17
1
28
42
20
44
49
26
58
30
63
62
49
13
22
43
58
41
50
41
35
19
42
42
70
41
20
58
12
54
10
62
2
22
27
56
65
27
49
12
70
12
54
59
70
35
48
54
12
56
13
5
60
12
13
12
26
65
41
48
27
60
27
1
2
66
30
58
20
17
17
28
59
12
41
35
50
66
22
5
70
43
43
5
42
13
1
70
12
10
23
43
48
26
44
28
23
65
59
65
5
66
62
44
19
12
35
22
2
70
34
65
26
28
17
66
28
44
48
62
2
20
63
44
70
35
34
43
60
49
17
26
5
22
1
34
20
28
5
70
44
2
12
26
43
60
17
57
62
41
57
5
42
44
57
48
60
43
23
41
1
43
22
41
26
59
17
1
58
2
35
50
10
63
48
13
66
22
2
41
5
42
19
1
12
13
4
62
4
59
60
66
49
56
57
20
60
13
22
44
60
13
58
62
10
49
41
70
26
50
1
23
58
35
56
66
30
10
60
42
70
27
43
49
49
10
22
2
41
20
58
35
2
41
54
20
63
70
59
2
62
59
60
34
35
12
5
62
70
58
41
20
43
41
13
42
10
56
70
35
43
54
10
17
35
4
63
41
1
43
2
49
54
66
50
42
20
22
5
48
27
63
60
41
57
2
26
42
4
42
30
50
62
23
2
66
54
35
57
57
70
1
41
58
42
58
4
62
35
5
60
35
44
62
50
66
54
49
10
22
22
23
49
50
12
62
13
35
70
54
22
13
57
17
34
57
57
58
70
63
35
17
30
26
34
50
59
59
41
59
54
43
57
44
44
62
58
27
50
54
5
30
66
22
42
10
43
28
13
30
5
5
70
70
23
13
10
10
34
27
60
4
56
20
65
19
34
2
13
12
70
63
26
28
27
49
5
23
20
66
63
4
13
1
28
49
70
70
20
4
5
49
48
28
2
17
66
22
17
56
60
26
50
54
20
4
56
63
70
4
42
63
49
48
54
12
41
60
57
62
60
63
50
49
23
42
30
28
70
56
2
42
4
5
63
35
54
