10
32
50.0
4
1
29
14
3
18
11
8
20
2
13
20
4
17
31
23
18
14
0
18
21
18
23
23
16
22
15
28
25
14
12
27
11
21
7
21
20
16
10
16
31
31
15
10
12
30
16
23
20
24
6
20
12
20
18
20
4
18
15
15
7
26
21
19
5
12
12
21
26
11
12
14
18
11
14
14
11
23
11
9
5
23
18
20
10
23
15
5
4
26
4
31
5
20
9
23
15
23
18
20
5
31
16
5
7
7
10
14
21
5
31
20
4
20
15
18
10
14
14
16
14
9
4
15
11
14
18
16
31
20
12
20
31
16
26
12
11
4
15
7
21
11
23
31
16
9
5
31
31
14
9
7
11
9
26
10
10
15
12
14
12
21
9
7
16
11
23
20
23
26
23
18
10
20
21
5
4
12
4
10
20
23
21
18
10
9
4
10
11
18
26
11
9
4
21
12
9
15
20
26
31
4
10
11
31
12
7
7
5
7
21
16
16
31
31
18
16
7
12
4
10
23
15
10
21
14
9
10
5
14
20
26
23
23
10
12
11
11
5
9
20
18
12
21
15
4
7
16
4
4
11
9
23
12
20
18
5
11
26
4
20
9
10
12
14
15
10
18
7
10
4
15
15
21
11
4
20
10
7
16
15
9
12
5
18
16
18
9
4
11
20
31
4
14
21
4
12
4
12
4
11
23
9
26
10
12
20
16
15
9
23
5
16
10
21
15
4
4
10
5
9
23
5
18
20
4
14
26
5
12
18
5
14
21
11
9
9
15
16
9
7
11
10
15
16
7
26
18
11
23
10
12
11
31
18
16
26
14
11
26
10
20
31
31
20
31
9
31
9
23
18
11
16
4
14
5
21
4
21
18
4
11
31
15
16
21
23
12
10
21
10
12
10
14
26
23
7
23
23
18
5
11
16
15
23
4
18
7
12
14
12
4
23
9
12
5
12
31
7
11
26
16
7
5
15
21
23
15
26
10
12
26
4
14
21
11
16
14
23
21
26
18
14
31
26
10
26
5
9
26
10
20
11
12
20
31
18
4
12
20
10
9
31
31
7
7
5
21
16
4
12
14
4
5
31
4
16
5
14
31
11
10
20
31
11
4
21
14
12
4
7
15
14
15
15
11
7
15
5
5
7
4
11
4
18
16
31
26
23
14
23
20
10
12
21
11
26
10
5
16
20
4
9
16
11
15
16
18
26
12
26
10
12
9
23
26
5
15
4
21
14
9
20
16
14
21
21
20
23
14
20
26
4
18
16
26
9
10
12
16
7
11
7
23
23
23
14
14
26
14
21
9
20
9
16
21
21
5
23
11
5
12
23
5
10
14
21
9
31
18
10
4
15
12
15
15
11
4
16
21
5
15
26
16
26
23
5
26
15
16
18
9
23
11
15
16
5
20
4
4
5
14
15
12
11
23
15
9
4
26
21
5
15
14
31
7
20
18
18
18
4
20
5
5
31
16
12
12
21
20
18
5
16
23
9
9
9
18
23
26
26
21
31
9
23
15
12
16
10
21
20
5
9
14
16
5
31
5
4
20
7
14
26
23
26
16
4
20
12
18
18
18
10
7
21
5
16
14
14
14
10
23
10
15
7
5
7
21
7
5
20
15
12
21
21
20
16
21
10
26
18
5
7
31
4
18
20
23
7
21
4
5
21
26
7
15
7
23
14
31
26
18
26
9
9
23
26
10
4
5
11
21
23
14
16
5
26
15
26
31
21
11
26
9
9
5
11
16
11
31
4
20
7
12
20
9
26
14
11
5
18
20
18
16
26
18
16
14
23
23
18
11
12
26
9
9
10
26
21
16
11
16
23
10
4
31
31
31
14
20
11
16
15
9
21
12
11
31
7
21
21
20
15
26
5
21
12
11
7
20
7
7
14
7
15
20
4
31
26
4
12
21
26
16
21
20
5
16
5
23
10
12
14
14
9
26
26
15
9
4
15
18
9
4
10
21
14
14
31
5
11
9
15
15
31
20
31
16
4
31
7
18
15
31
15
21
31
20
5
11
12
18
14
4
26
18
18
11
15
20
9
12
16
5
5
4
7
20
11
7
4
26
12
7
7
5
21
10
12
16
9
18
4
20
4
15
26
11
15
31
14
7
10
26
4
7
23
11
4
31
18
26
14
31
21
18
7
7
9
15
10
21
26
12
11
7
12
16
23
14
15
23
4
23
10
18
14
4
7
16
15
5
7
10
7
26
26
31
18
16
18
9
5
16
16
21
4
16
31
23
11
10
9
7
11
26
18
21
4
14
