10
51
50.0
46
11
9
29
2
27
3
5
44
30
13
20
15
34
7
18
36
30
7
14
17
41
32
8
48
12
20
50
30
22
40
42
8
28
45
6
33
21
46
37
49
46
0
24
31
1
27
7
28
36
23
46
24
24
39
6
46
7
0
24
21
1
19
29
37
30
29
35
29
6
49
25
6
33
7
50
16
4
49
23
33
45
8
45
7
24
33
21
24
22
28
21
8
20
23
49
21
36
21
47
8
41
20
30
49
1
45
8
21
33
46
7
6
22
26
20
46
50
18
6
43
46
30
37
10
29
22
45
8
6
21
38
38
1
39
43
7
36
22
46
49
36
1
30
50
37
37
1
27
33
45
37
29
7
18
1
41
39
33
43
8
29
36
45
18
36
36
0
21
36
28
8
28
21
28
45
1
29
7
49
30
27
36
24
39
8
27
49
6
27
24
7
21
43
8
30
24
50
1
36
21
28
41
30
28
8
27
36
18
22
49
50
20
1
22
7
38
6
45
41
46
6
38
1
43
50
22
37
45
22
21
23
18
46
8
8
20
30
20
33
39
36
23
41
43
39
29
23
43
36
22
39
43
46
36
28
37
37
30
18
41
33
23
38
7
24
6
27
33
0
28
20
36
7
7
41
36
46
29
37
23
36
22
22
27
7
45
46
8
7
0
27
45
21
18
28
39
27
1
24
27
20
18
6
46
29
20
49
8
46
22
30
37
49
27
20
23
33
33
0
28
28
33
41
27
0
1
20
24
21
24
7
18
6
39
33
7
0
46
45
46
39
8
36
21
39
30
21
39
24
46
7
30
29
7
6
36
38
36
6
38
33
50
6
6
1
50
18
39
41
22
49
37
23
49
6
18
27
21
8
21
21
27
21
41
28
21
27
7
27
1
28
39
28
33
41
20
22
28
41
49
27
18
29
29
20
27
28
30
7
39
8
46
49
29
30
43
45
21
18
49
24
29
30
41
0
43
41
28
37
41
36
41
7
30
21
24
46
0
30
50
24
20
37
24
33
30
24
21
20
27
39
29
39
20
49
49
23
39
49
6
22
8
8
27
41
23
43
21
1
8
37
45
0
43
8
24
50
46
36
21
39
50
46
39
0
27
29
43
24
46
0
39
45
8
49
30
22
38
37
20
43
18
20
0
45
21
41
18
49
18
18
45
37
36
23
23
21
1
50
22
28
50
33
36
21
8
22
18
45
45
45
45
21
39
36
33
0
24
8
28
39
39
41
49
45
50
8
33
30
49
0
41
8
20
24
8
33
27
33
22
20
38
0
24
33
1
46
30
22
21
33
1
6
0
27
20
41
1
49
33
43
20
50
18
6
33
29
20
29
20
6
33
29
21
28
24
18
24
8
18
50
21
50
39
28
23
29
30
29
21
30
41
36
50
30
45
39
38
43
1
20
50
37
24
36
43
37
29
27
0
33
38
23
27
8
37
22
22
28
29
24
7
24
50
49
7
33
20
49
0
28
30
24
50
7
27
23
1
41
21
8
41
45
49
21
6
50
49
18
21
24
1
20
38
18
23
49
39
0
18
27
38
37
45
21
38
23
18
38
38
43
39
46
38
22
1
18
7
21
6
24
24
45
21
38
8
1
39
49
50
28
30
1
38
8
33
22
24
7
45
46
43
45
0
28
29
33
23
21
45
8
37
33
6
43
41
50
27
1
45
36
20
22
24
18
45
41
36
36
8
30
45
6
6
33
24
46
45
27
0
24
39
30
29
49
1
1
22
43
22
39
23
30
50
43
49
22
28
43
33
39
28
23
1
22
41
36
7
50
45
49
50
41
24
39
21
7
27
0
46
22
41
38
22
33
37
50
24
41
27
0
37
38
7
22
21
39
27
24
24
1
6
8
49
22
29
22
23
38
6
41
29
21
27
27
41
23
33
39
24
50
24
33
33
38
30
46
27
21
28
22
18
27
41
24
50
30
37
36
6
21
37
6
39
20
30
30
50
38
37
0
18
46
23
0
36
37
50
27
41
20
20
30
7
23
45
18
38
22
38
33
27
49
21
6
43
1
7
38
43
18
18
8
49
1
27
27
18
8
23
28
21
30
24
45
36
49
33
21
20
0
39
29
38
28
0
8
20
43
21
23
18
28
18
23
27
0
43
41
27
24
49
1
46
39
27
39
38
7
1
33
23
29
50
8
21
38
1
23
20
1
1
23
0
1
46
27
33
1
45
41
28
23
7
20
41
24
33
7
36
0
28
46
27
18
30
27
43
29
27
37
36
36
21
23
8
43
0
41
