10
103
50.0
72
70
67
22
39
5
51
15
8
43
60
41
82
36
80
24
45
69
68
102
17
72
69
19
98
19
83
11
71
49
50
86
58
26
17
33
4
95
78
47
17
48
41
59
56
19
76
42
20
67
101
21
54
44
10
94
11
58
41
101
29
38
81
27
41
100
64
97
96
13
17
31
14
41
40
84
19
1
4
23
38
24
91
54
55
73
91
2
57
57
90
75
46
3
77
65
89
77
76
91
38
101
89
55
2
18
94
82
57
46
27
32
96
12
53
98
87
38
90
63
90
85
28
21
20
38
81
42
76
81
62
61
75
67
90
93
11
0
30
9
46
35
7
28
27
63
49
30
35
41
82
92
76
49
24
18
67
46
27
75
35
52
34
82
27
30
76
7
35
58
66
78
41
38
7
72
21
17
11
94
99
82
21
2
37
31
89
38
41
27
67
2
91
7
79
52
16
35
69
28
24
41
81
6
46
89
2
55
96
11
63
88
89
88
63
16
52
38
35
91
18
52
21
11
49
75
101
41
75
57
77
35
77
21
35
50
19
11
21
75
6
18
4
46
37
42
17
25
37
89
82
4
28
46
72
41
38
58
58
46
76
52
94
69
88
94
98
30
30
72
52
38
17
36
63
50
16
53
16
36
67
75
96
37
35
69
88
67
31
24
81
4
35
2
78
101
101
41
74
19
81
67
6
4
69
46
76
94
78
24
78
90
91
74
81
78
31
82
74
37
76
55
35
101
89
58
28
81
53
81
100
75
38
89
16
76
101
38
96
90
53
88
50
6
37
2
17
2
55
94
35
37
69
55
18
37
50
11
89
82
52
21
55
55
17
82
2
36
77
21
37
69
82
94
18
75
89
17
78
49
42
28
77
19
50
81
19
7
38
35
7
7
19
27
101
53
52
75
6
37
52
37
76
77
101
31
31
31
78
101
36
6
52
78
82
38
6
30
58
24
31
4
74
55
74
27
94
7
49
37
58
42
90
67
35
100
21
16
27
100
55
28
17
101
101
52
30
7
100
2
49
20
78
42
98
89
16
88
74
30
7
27
2
67
57
49
53
18
74
74
30
42
36
37
46
18
7
75
20
17
19
101
63
69
57
69
69
57
28
69
36
63
19
57
52
100
50
96
20
19
16
17
18
19
18
57
11
37
36
31
53
30
96
21
50
98
67
28
30
89
36
54
36
35
54
36
16
35
52
4
55
42
63
94
55
81
20
19
37
2
98
100
41
7
54
67
11
18
67
16
81
100
77
81
36
63
38
72
67
77
4
81
75
53
16
27
28
37
41
52
76
101
36
88
17
24
90
91
57
30
11
42
67
16
2
74
11
42
37
58
38
28
55
98
2
21
11
57
42
69
7
91
18
72
46
101
27
98
88
57
98
11
16
50
76
7
49
2
55
82
38
6
74
37
16
17
54
21
98
27
58
42
88
101
35
49
53
90
75
7
46
53
72
11
77
54
90
72
74
52
69
98
27
88
27
90
90
37
41
19
55
75
89
91
50
94
49
54
100
63
90
11
101
54
75
54
89
78
27
90
67
35
6
50
38
35
18
63
24
96
96
57
38
31
20
62
16
67
30
77
81
98
58
58
67
82
96
88
81
28
63
7
57
16
49
41
74
74
37
11
18
38
52
35
91
88
52
49
94
63
90
20
17
69
41
76
16
57
28
37
55
2
101
82
36
55
2
100
31
98
74
53
81
69
27
55
49
100
17
53
18
4
27
74
30
7
2
35
94
7
21
2
21
50
49
36
50
24
62
55
78
88
98
63
76
76
2
41
96
4
67
38
18
53
2
89
57
20
57
53
49
72
42
46
91
81
41
96
6
67
96
88
55
17
37
58
20
2
74
57
77
74
74
76
6
19
20
19
27
55
50
4
49
24
50
6
27
18
94
90
16
6
31
74
21
21
96
69
20
62
36
28
35
54
76
28
52
96
16
35
62
42
28
78
96
81
38
54
42
11
49
42
28
77
52
76
58
18
27
88
41
4
63
18
38
94
2
69
28
17
37
42
63
94
101
89
53
75
21
91
101
49
46
36
19
67
76
41
16
74
81
6
55
67
89
41
67
6
46
81
90
75
2
101
49
89
7
37
19
17
38
41
46
58
46
11
27
98
2
49
62
18
30
72
72
98
6
63
69
38
101
4
77
94
41
36
88
88
42
16
24
98
4
53
53
21
36
4
55
31
94
67
88
17
4
50
38
46
6
35
77
90
2
62
38
24
53
24
77
24
7
75
81
52
2
88
98
31
54
100
