10
72
50.0
68
61
35
28
60
33
26
49
18
65
36
59
19
36
21
31
12
57
49
12
44
38
71
2
35
50
54
48
1
32
66
36
14
24
50
4
14
30
7
64
6
19
8
58
55
50
8
39
13
14
29
53
0
70
9
32
8
22
63
0
41
41
59
46
41
30
19
27
52
45
8
17
50
20
58
17
23
43
50
59
50
58
41
8
62
40
12
25
35
62
22
5
0
14
16
47
48
16
41
24
64
19
60
24
46
16
3
23
12
8
32
42
48
14
34
64
35
65
32
19
67
48
37
55
41
48
69
14
8
16
65
5
13
12
22
55
58
12
58
34
8
45
13
46
41
35
30
48
8
30
48
13
22
65
65
22
59
56
41
5
41
48
24
5
62
24
46
11
16
8
17
41
49
37
16
64
22
49
13
36
58
51
35
64
5
63
5
46
46
37
23
8
14
10
50
49
40
62
42
50
42
22
24
49
24
30
34
0
8
0
60
23
55
13
50
12
16
14
60
64
16
37
24
49
16
50
60
13
65
63
50
58
15
55
63
32
22
16
60
50
47
62
63
23
32
0
32
64
50
14
0
16
37
50
30
49
45
35
0
58
42
35
65
13
42
19
65
46
46
62
23
14
5
58
13
32
30
45
35
48
59
46
11
22
49
32
42
65
11
64
63
5
48
11
50
59
14
59
35
37
62
22
59
16
12
37
48
50
42
0
17
48
50
47
17
16
58
63
58
41
5
13
45
59
49
50
36
35
58
59
0
40
14
32
12
40
63
49
8
35
45
13
63
42
63
24
47
45
23
37
55
58
50
30
11
55
24
41
13
48
37
32
64
55
24
13
17
40
41
36
11
34
24
58
0
32
50
24
47
48
65
46
30
8
0
47
59
50
47
32
23
30
59
48
14
50
19
65
34
46
63
49
34
46
59
41
23
41
37
55
11
8
36
58
5
0
46
50
30
34
13
45
36
37
47
58
36
5
0
13
8
32
60
0
50
59
14
64
48
22
45
24
22
8
41
41
16
14
65
13
30
59
46
62
40
23
16
0
17
17
40
8
49
11
41
12
19
36
46
40
5
49
55
5
49
34
12
32
5
64
14
23
16
37
48
45
35
46
16
37
49
65
32
46
49
11
55
30
11
48
17
62
19
22
49
32
12
13
46
22
58
65
11
37
32
41
46
13
62
8
50
49
0
37
45
40
23
37
45
17
22
41
14
23
62
30
36
65
48
60
50
5
46
50
11
63
49
30
60
47
63
40
42
62
22
12
19
41
41
37
62
40
50
22
45
40
30
55
32
59
36
16
24
47
0
46
16
0
42
0
23
46
12
63
48
49
30
11
41
16
23
35
55
58
62
47
45
45
23
55
23
16
62
50
48
40
65
46
50
16
42
59
59
40
0
37
46
64
50
37
11
16
40
23
35
63
17
14
13
46
42
50
41
35
24
45
58
63
45
36
59
5
50
11
64
0
60
14
14
11
5
14
22
59
41
63
36
14
11
12
46
48
30
45
8
40
49
24
23
65
23
42
47
19
32
8
24
55
40
13
32
34
63
11
65
19
62
45
14
24
5
34
11
46
36
19
48
16
24
36
46
35
48
8
50
58
65
35
24
19
50
41
11
59
60
64
62
24
34
58
37
41
11
36
35
55
42
32
11
49
46
45
55
48
45
14
45
0
46
13
36
65
5
36
11
19
14
46
37
45
23
34
14
11
23
62
47
11
12
32
62
42
19
12
65
23
36
59
41
65
12
41
30
8
17
35
42
62
47
48
45
49
42
48
23
59
49
22
23
14
5
47
65
64
36
40
32
8
63
30
46
36
17
59
0
23
17
65
22
11
47
37
58
64
42
35
59
37
47
63
0
23
8
34
47
47
49
41
46
58
14
17
50
22
47
23
40
42
36
65
65
60
14
32
16
49
65
14
22
34
23
47
12
50
59
35
42
55
65
13
47
65
16
0
60
41
60
22
17
35
32
32
17
13
55
13
16
47
36
16
23
45
11
64
12
45
8
24
59
49
34
40
0
63
46
24
0
14
17
58
0
50
34
35
37
63
62
60
5
64
14
34
65
45
23
11
16
36
45
40
60
37
41
11
5
17
0
49
30
12
23
19
19
49
17
14
0
22
49
14
17
45
62
59
23
35
63
34
35
41
8
60
45
62
34
17
50
48
11
16
55
36
30
34
47
36
12
30
13
47
41
64
36
0
59
47
59
35
60
16
45
64
62
63
64
34
32
12
42
22
40
64
5
59
35
13
30
59
16
59
