10
33
50.0
25
15
4
16
24
11
9
3
26
32
8
5
21
3
2
29
31
18
18
19
27
6
19
9
22
13
14
24
24
10
32
14
8
28
20
30
12
25
23
0
32
12
28
12
24
17
28
27
23
30
14
9
14
32
25
32
27
7
7
30
28
28
13
32
7
28
14
30
8
19
9
23
30
1
27
24
23
12
13
27
11
32
8
14
7
13
19
25
32
24
8
18
14
24
14
12
28
18
14
14
11
12
12
7
18
11
12
11
9
30
13
11
8
18
30
28
27
11
7
19
24
12
23
11
30
12
11
32
3
14
28
25
7
19
24
30
32
19
14
12
3
3
7
19
13
3
27
12
28
9
9
23
11
13
19
32
12
18
23
27
11
12
14
32
23
13
11
19
3
14
28
13
23
13
32
12
9
11
24
30
27
25
32
28
24
8
9
32
30
27
8
28
9
30
27
23
12
14
14
23
28
8
8
25
24
18
7
13
24
7
25
23
11
24
30
32
8
25
24
23
11
8
28
25
32
18
32
11
8
23
27
12
27
12
9
18
23
18
24
7
23
19
28
27
9
12
9
7
11
18
9
32
14
25
12
27
19
25
30
23
18
9
27
18
30
8
3
14
18
32
8
3
18
12
23
14
32
8
3
27
24
25
27
24
27
18
13
3
27
28
28
9
18
8
28
25
7
19
7
14
8
3
30
19
13
14
7
19
27
27
11
18
9
25
11
32
30
13
3
30
9
13
28
11
19
32
13
14
3
7
12
8
27
9
32
7
27
11
24
14
14
18
30
23
12
32
8
11
19
13
23
28
9
19
28
9
25
25
18
19
19
12
9
32
28
11
23
11
3
8
13
30
8
3
27
25
12
8
14
25
19
11
19
3
30
25
13
8
7
24
25
3
30
8
25
27
18
30
3
28
32
30
3
28
32
14
27
28
13
25
18
13
28
12
27
12
23
18
8
27
14
3
27
25
13
19
12
18
32
30
28
30
32
23
13
30
9
32
7
13
3
27
32
14
19
25
3
28
18
18
12
19
19
12
25
9
8
30
3
30
13
30
18
13
18
32
13
9
32
11
25
14
27
30
3
19
7
7
12
7
12
24
18
7
11
32
3
12
9
14
11
27
25
24
11
7
11
12
24
27
28
25
27
19
25
11
14
32
23
11
8
19
12
25
30
32
14
32
24
30
32
28
14
30
11
24
13
19
24
23
18
8
19
12
9
7
7
7
13
19
19
12
25
19
14
3
23
7
14
24
14
28
13
8
11
11
28
25
13
24
24
30
14
30
3
24
28
30
12
3
12
18
27
3
13
11
14
3
23
23
9
30
32
11
18
23
23
19
13
14
19
12
27
25
24
19
12
11
19
24
13
28
7
7
8
3
24
30
7
18
28
8
24
7
12
13
9
13
12
32
23
8
23
30
13
8
12
25
7
32
32
32
28
28
30
19
27
23
30
32
13
9
7
30
11
27
12
3
23
23
32
30
14
8
27
25
3
25
13
9
24
11
18
7
3
23
13
25
28
32
19
25
27
3
7
7
14
19
14
13
27
3
25
8
8
24
24
24
28
14
12
18
8
7
8
30
24
8
30
8
13
14
25
30
27
12
24
25
12
24
12
18
9
8
24
23
3
9
12
30
9
13
13
27
19
24
9
32
27
19
23
7
19
24
24
27
7
23
9
11
18
18
9
12
12
9
19
7
9
28
3
27
25
24
27
11
27
11
11
8
19
25
12
13
11
25
24
25
12
30
9
9
11
28
32
19
12
30
14
9
30
3
30
9
30
18
23
32
30
23
19
12
32
8
25
19
18
28
27
18
27
11
24
12
27
12
13
18
25
30
23
23
23
30
12
8
8
14
13
30
25
14
19
9
25
28
9
12
19
9
24
9
27
25
9
11
12
12
9
28
24
8
23
19
27
32
32
3
13
3
23
24
24
7
12
30
11
18
23
25
25
32
19
13
30
23
27
19
3
9
8
24
27
12
9
3
27
18
12
11
19
19
24
9
3
19
25
32
9
14
13
18
3
24
9
24
19
24
7
25
9
24
24
27
14
23
30
28
3
27
27
25
24
32
7
9
24
14
8
19
18
30
12
12
12
14
8
25
30
3
30
9
32
7
12
19
28
28
30
30
9
18
27
30
18
7
7
24
23
11
23
18
32
27
12
18
12
19
19
9
9
25
14
9
8
13
12
7
19
14
8
18
25
28
7
23
18
11
3
25
3
32
11
14
27
12
19
27
24
27
7
7
32
25
23
19
14
30
12
23
