10
37
50.0
23
10
25
32
22
33
0
1
20
18
24
29
9
19
30
28
8
36
13
3
15
20
1
11
28
28
28
14
12
23
23
29
4
17
0
4
24
9
7
16
1
26
8
5
1
23
6
34
26
24
28
10
26
24
4
8
8
1
21
35
26
23
30
0
31
8
0
24
4
28
29
8
15
5
5
23
28
8
5
2
10
2
27
15
15
9
29
20
31
24
5
5
24
26
17
15
26
0
31
2
24
24
4
24
1
23
21
0
26
0
23
1
15
29
10
17
1
24
0
26
20
4
0
4
30
29
26
15
4
31
21
20
10
28
9
0
17
24
10
17
0
9
17
2
23
24
15
23
17
30
30
21
28
10
24
28
24
5
4
29
30
31
29
28
4
10
21
4
4
24
28
24
2
0
20
31
29
1
30
8
28
0
29
29
20
17
26
31
2
24
20
29
21
23
0
20
30
23
23
20
9
17
9
28
26
2
4
23
10
9
31
1
8
31
30
26
8
8
30
9
31
20
26
23
10
15
9
31
28
23
26
24
29
31
0
26
29
30
5
31
17
2
9
21
20
20
2
5
26
9
29
26
26
24
29
28
17
17
9
17
2
15
0
24
28
2
4
21
4
9
9
9
24
23
20
20
2
8
21
15
29
20
1
1
0
8
5
30
2
9
1
5
15
1
2
28
30
31
24
29
9
15
28
4
30
9
4
23
9
31
23
8
26
24
20
26
5
23
17
26
15
23
20
29
21
21
23
30
28
24
1
20
5
9
9
15
23
15
10
4
23
20
28
17
2
17
28
2
20
23
1
28
21
4
24
24
10
29
20
5
28
30
21
20
23
29
0
28
28
31
17
5
23
2
30
5
2
8
31
28
15
0
0
23
10
30
8
2
23
2
30
1
15
30
28
26
29
20
26
31
1
26
17
4
24
5
29
5
15
1
26
1
5
30
1
31
29
10
23
26
31
31
2
15
0
24
29
17
4
20
0
5
24
1
29
5
5
30
15
4
26
21
8
10
0
17
17
23
8
28
26
20
8
5
24
26
15
9
15
5
10
4
24
1
1
29
1
20
2
20
9
21
10
0
20
29
21
21
31
21
31
24
20
31
31
26
4
8
23
15
26
24
20
10
9
9
29
9
29
21
1
9
28
1
15
20
29
29
4
23
2
28
8
17
29
2
30
5
9
26
21
15
15
4
10
1
9
20
20
23
10
1
5
20
15
10
23
8
26
8
30
8
21
24
5
9
15
9
20
10
21
17
2
31
0
20
23
0
8
0
31
17
20
20
30
23
23
0
9
9
24
0
20
2
24
10
26
4
10
29
15
30
30
23
2
24
20
8
23
23
0
21
5
9
26
31
1
1
8
17
0
31
2
31
1
28
24
15
5
9
15
28
15
24
10
15
4
0
8
15
23
10
5
9
4
10
29
21
31
20
1
9
28
8
20
0
8
10
10
26
4
4
10
23
5
10
24
4
9
28
9
20
26
2
28
31
9
23
2
26
5
20
24
15
20
1
26
28
17
23
0
10
2
26
24
20
15
24
31
17
28
1
5
21
23
26
8
23
15
20
17
17
31
23
30
5
20
9
9
2
5
2
29
30
10
21
28
8
5
24
30
23
20
8
26
23
10
4
1
2
28
5
29
30
2
4
31
1
30
24
20
20
23
26
4
23
8
15
28
4
23
24
24
5
31
15
29
8
24
15
23
23
9
1
17
8
20
21
5
9
20
28
5
4
29
0
20
31
23
10
10
1
10
17
0
24
9
4
15
2
10
15
31
29
9
1
31
30
5
30
30
30
23
21
2
4
28
28
21
10
2
2
29
23
15
31
21
23
26
4
1
0
8
31
20
30
2
9
28
1
29
24
1
2
4
28
26
23
24
20
21
0
31
0
0
26
24
20
21
15
4
8
17
0
17
29
29
23
28
8
29
15
31
8
9
21
23
30
5
8
10
29
1
8
0
26
21
9
20
26
4
29
28
24
29
0
29
8
24
24
26
9
17
17
24
23
31
8
28
17
8
31
0
2
10
31
29
29
21
10
28
26
0
0
15
28
24
24
20
1
2
17
21
17
23
20
28
8
8
21
21
4
17
0
9
15
28
4
30
17
4
24
28
10
0
17
8
26
30
9
23
31
10
31
21
4
28
26
10
9
26
29
30
9
0
30
2
10
17
23
5
5
8
30
23
23
4
28
17
17
31
17
24
23
2
15
15
28
17
31
8
9
23
23
31
31
9
20
2
24
2
30
30
8
0
28
0
20
9
0
