10
46
50.0
35
32
24
42
18
19
30
38
26
20
15
22
8
29
2
25
41
38
19
23
16
10
38
0
44
1
3
24
15
37
36
45
31
31
19
19
40
28
2
11
31
18
13
9
31
3
30
30
25
38
4
42
33
34
19
7
14
25
16
5
15
7
38
36
3
42
8
2
43
17
31
2
3
5
42
15
12
43
24
30
19
25
5
3
16
38
8
7
27
15
17
39
38
5
16
36
17
36
25
36
19
3
15
16
16
7
30
7
27
3
38
6
43
39
0
16
5
15
7
18
31
11
39
25
30
17
38
7
42
18
25
11
27
30
3
30
19
36
19
7
3
30
39
15
15
2
31
2
24
21
19
16
11
11
39
18
21
15
0
18
19
43
7
25
36
18
17
7
25
39
7
42
42
8
19
30
8
5
0
39
21
36
15
16
15
39
5
38
15
27
39
27
43
38
27
27
11
11
31
21
3
38
5
3
5
17
42
2
38
2
24
3
21
38
3
16
2
3
17
17
36
42
7
21
0
2
27
18
25
42
27
16
16
21
27
19
39
24
15
27
31
38
36
27
27
18
0
38
36
36
24
0
39
30
8
30
2
11
43
39
24
2
19
38
38
25
24
38
30
17
8
42
18
0
0
21
15
25
30
43
5
5
15
15
24
38
8
31
16
31
43
2
16
19
36
19
21
19
18
18
43
21
17
36
3
5
0
43
0
2
5
39
11
2
3
11
25
31
43
2
27
31
27
31
0
11
36
3
31
11
27
30
42
16
16
43
43
31
21
39
0
21
21
24
17
3
5
42
25
2
19
5
11
24
38
17
0
11
5
2
15
27
3
24
5
19
5
7
27
25
24
5
11
17
3
27
18
5
38
15
42
15
3
25
18
19
15
27
27
24
3
43
24
31
18
27
27
24
17
11
38
3
0
16
0
15
31
5
3
25
43
31
8
15
42
38
38
18
15
38
19
19
43
17
25
39
18
39
16
42
15
3
7
18
30
27
7
30
11
18
8
42
5
24
30
8
38
39
42
43
0
30
30
19
3
15
18
19
3
11
27
21
16
21
11
2
36
2
7
3
0
42
3
42
17
25
38
42
16
30
42
15
19
38
43
36
30
39
15
15
11
7
11
3
31
0
5
39
38
17
42
8
8
25
2
3
16
5
36
18
3
17
27
27
36
18
39
31
24
19
5
0
8
18
30
8
5
11
38
39
11
27
39
24
2
18
25
7
36
27
38
25
36
16
39
42
17
25
36
27
7
38
16
21
3
25
21
8
43
16
25
27
19
43
2
36
39
21
19
27
27
24
2
7
15
15
19
11
24
25
30
17
21
43
36
18
25
16
3
11
16
15
21
36
7
16
3
11
0
30
39
21
24
21
42
38
43
7
27
24
39
11
31
27
0
31
36
39
17
36
15
30
30
36
36
16
7
0
24
0
43
27
30
43
11
7
8
11
43
36
27
11
25
43
2
7
27
11
31
16
39
31
3
39
2
2
18
17
15
8
25
0
18
8
18
36
2
43
18
7
27
30
36
17
30
38
21
25
17
38
43
16
18
21
27
36
7
7
21
7
15
11
24
16
16
15
24
27
21
7
18
7
2
39
38
18
7
38
3
17
16
38
38
27
2
30
3
18
36
30
25
27
11
31
36
18
39
18
19
25
43
43
2
2
19
3
17
36
7
27
27
24
17
3
11
3
16
2
7
31
8
39
42
25
15
30
31
27
18
31
27
31
11
30
38
39
30
27
31
31
36
24
19
18
7
17
0
18
8
38
21
38
17
43
8
38
3
21
3
36
11
27
0
7
17
11
11
21
27
5
16
18
19
3
36
42
3
24
25
21
24
18
17
17
42
19
16
39
7
18
5
5
42
31
39
17
11
5
15
38
43
24
43
8
39
31
24
38
27
24
31
17
18
0
24
3
30
7
18
42
11
18
8
7
3
39
24
43
11
27
21
27
3
7
3
15
36
38
38
39
3
21
39
17
16
42
15
36
24
24
7
43
43
11
27
38
0
5
15
7
36
43
42
15
39
43
36
38
2
17
30
27
43
24
42
30
21
27
19
38
27
25
31
2
36
3
0
38
30
17
36
38
36
21
30
31
0
19
42
16
8
27
39
31
2
18
36
43
31
19
19
2
19
36
16
2
19
16
36
3
3
42
39
8
38
42
2
39
31
27
0
25
36
36
30
36
8
18
38
17
27
43
38
19
7
42
38
19
18
15
15
7
42
19
42
3
7
21
31
21
30
18
38
18
43
0
42
42
25
36
