10
58
50.0
41
53
40
6
4
11
15
20
55
39
29
44
50
35
27
18
4
45
1
14
42
6
13
9
3
19
28
34
10
45
42
54
43
11
26
20
11
31
46
43
2
42
15
23
29
45
12
19
28
30
21
0
29
33
25
38
0
48
37
4
4
8
16
32
29
19
25
0
21
36
38
43
23
17
33
0
0
38
42
10
2
38
2
18
8
11
57
10
30
0
57
0
7
11
5
10
11
6
15
11
8
4
33
49
10
56
8
4
21
20
43
51
51
57
43
24
11
11
52
6
6
17
47
57
6
17
7
4
25
10
45
23
42
0
18
4
4
7
0
45
28
0
29
22
20
45
11
10
8
25
20
16
33
10
7
29
22
33
15
38
19
4
45
16
22
21
4
28
30
30
4
7
57
16
25
8
22
23
8
11
45
23
29
51
45
17
10
20
38
29
8
30
11
20
38
4
47
19
0
11
4
20
11
21
25
29
51
18
0
10
20
43
51
16
20
42
43
4
21
11
42
16
20
45
17
25
18
57
51
16
16
29
20
25
4
10
7
30
45
38
22
8
8
25
4
28
19
21
7
42
21
15
8
47
22
38
42
19
15
10
7
33
57
45
38
8
28
42
0
10
45
4
28
42
57
2
45
25
17
21
10
7
22
8
8
6
4
8
43
10
43
4
16
15
47
51
42
8
11
15
11
51
29
7
45
11
20
10
4
17
29
57
7
11
43
33
51
38
0
7
57
4
0
57
8
33
10
20
6
57
11
45
19
30
51
2
6
21
30
6
11
23
47
42
16
6
38
6
38
38
21
11
51
28
23
45
10
30
17
30
28
43
29
25
22
42
21
30
7
8
8
23
18
17
47
23
25
17
2
17
28
2
47
11
30
7
10
17
17
11
28
22
42
57
10
11
57
6
45
57
15
4
30
22
47
29
21
0
22
57
8
30
4
21
17
6
22
8
30
10
16
51
6
19
43
57
16
23
10
7
43
47
8
15
57
23
18
0
47
38
43
38
22
25
6
20
57
8
42
45
22
29
30
57
23
57
33
28
20
10
57
21
25
20
19
30
51
15
47
57
8
57
45
28
6
47
57
11
33
38
8
29
29
20
57
42
11
23
4
57
19
16
4
8
11
22
47
25
11
6
45
16
47
16
4
23
4
29
17
30
38
28
4
0
42
10
21
43
15
47
0
8
42
21
7
43
23
4
21
33
22
6
10
51
29
33
38
28
18
16
21
8
51
38
20
10
45
25
30
17
20
21
43
4
6
10
57
25
19
17
8
18
2
42
19
18
38
2
2
10
16
15
7
57
23
10
8
20
2
7
33
2
43
30
42
2
6
7
11
19
42
10
25
18
11
18
42
10
10
47
42
22
19
43
47
0
15
57
45
29
42
43
11
23
22
8
6
28
17
6
4
11
23
10
30
25
16
16
15
2
57
20
7
16
18
33
17
18
42
28
10
22
10
21
10
18
6
28
10
23
30
28
16
30
29
30
16
25
43
8
21
25
33
18
23
21
43
25
7
6
28
6
28
43
15
17
16
18
28
38
0
42
28
23
8
8
28
22
28
11
23
2
42
51
6
22
20
6
45
28
22
28
33
6
15
18
43
25
4
33
17
19
51
47
19
25
21
47
16
19
30
22
11
2
2
17
29
29
8
33
29
38
22
42
16
6
47
33
38
22
25
23
11
22
16
43
20
47
7
2
8
17
47
15
19
43
21
33
43
28
21
28
8
7
16
51
23
45
29
23
47
19
4
2
28
8
19
42
19
28
7
2
19
7
15
2
38
16
23
2
18
28
38
47
28
10
51
43
21
21
28
11
8
7
42
30
2
6
30
43
0
51
43
29
8
8
20
17
7
42
22
7
8
8
30
33
19
21
38
30
19
17
51
45
38
0
28
21
30
19
45
28
28
8
42
19
6
0
30
4
17
17
18
0
51
11
17
10
51
47
0
30
15
47
16
15
17
30
30
21
7
42
28
7
18
15
4
4
42
18
15
4
25
29
10
51
22
21
57
38
10
16
25
23
19
8
22
10
2
10
20
17
38
45
47
29
17
18
17
33
18
10
47
7
15
28
18
15
6
11
30
15
28
8
45
8
45
7
4
8
19
10
51
22
33
17
7
47
0
43
21
29
10
11
47
4
47
17
17
2
51
8
51
11
38
51
18
29
16
33
29
7
22
7
10
2
23
42
38
29
47
15
30
57
29
30
7
11
47
47
19
16
28
10
47
20
6
0
7
4
2
51
38
38
29
20
11
25
38
8
