10
91
50.0
47
14
26
43
25
21
76
8
8
5
4
69
60
72
54
37
21
2
13
76
86
12
6
82
40
74
83
73
59
32
86
39
59
27
21
76
34
33
27
10
27
31
71
49
51
19
37
8
27
68
27
24
15
55
86
23
3
31
37
13
70
89
31
1
42
16
16
27
59
22
37
19
13
18
65
75
44
35
19
26
45
28
86
78
10
81
23
37
37
23
27
86
34
4
11
21
47
10
21
34
32
26
35
16
30
19
64
56
86
15
65
41
34
12
34
90
29
21
58
57
84
52
55
58
71
89
61
21
10
7
15
10
20
37
71
89
76
26
65
9
16
55
32
89
65
67
16
8
87
87
50
76
53
61
65
80
27
79
8
23
19
21
89
63
44
17
15
6
16
70
70
22
87
36
0
71
86
31
18
55
32
4
67
66
86
6
48
59
15
79
77
8
89
48
34
65
47
65
58
13
67
9
43
10
32
16
41
83
79
9
48
46
66
6
71
27
71
26
19
22
18
0
71
67
66
83
0
18
16
16
67
9
70
87
21
34
10
59
66
61
65
65
48
31
27
19
65
34
27
58
6
22
47
22
71
55
71
59
53
53
59
53
89
86
86
47
86
55
66
37
58
18
87
62
65
65
88
47
19
34
22
26
85
76
43
34
79
15
38
88
32
85
59
21
62
47
66
76
21
53
18
26
26
61
21
71
26
13
70
85
41
37
26
65
22
4
70
16
88
67
15
62
76
59
71
47
86
76
44
22
59
34
76
26
35
6
37
71
32
19
26
87
9
27
47
34
22
22
31
61
23
10
86
37
15
35
10
88
71
10
31
85
59
86
88
16
67
85
47
55
67
53
86
19
88
76
67
0
79
8
4
31
59
19
88
58
79
71
61
41
87
9
71
70
66
12
88
85
26
31
18
32
34
41
79
88
37
23
13
89
67
43
27
21
16
10
61
34
32
22
41
59
58
43
0
79
13
70
47
37
67
4
89
71
12
32
34
31
88
18
71
4
47
61
12
79
83
34
62
48
35
87
66
31
6
61
8
10
44
15
86
83
53
41
76
44
48
37
12
15
79
79
85
31
83
12
65
85
62
26
88
83
41
23
70
62
43
43
79
10
31
83
10
66
12
10
12
58
61
37
13
65
47
6
10
87
89
19
32
35
59
13
21
88
89
22
27
61
22
44
58
23
87
6
58
85
44
15
32
21
27
41
19
79
35
8
26
0
83
61
26
65
85
13
83
32
35
43
44
55
26
88
70
35
16
26
58
85
79
13
66
15
71
85
9
35
27
27
21
35
85
18
85
67
59
88
43
22
10
9
79
86
55
4
16
62
19
34
70
79
70
37
65
22
76
4
10
27
4
13
47
9
37
16
18
9
65
15
19
59
13
62
88
43
71
22
89
15
62
37
89
34
37
66
21
85
13
70
13
31
8
15
0
58
0
9
55
79
37
65
4
34
70
16
23
22
6
61
21
47
86
16
19
86
41
23
85
15
85
70
9
86
41
34
89
34
70
12
34
22
9
89
18
12
58
66
70
34
9
71
34
27
15
0
85
89
16
27
13
13
86
70
87
19
71
10
18
87
15
59
26
79
76
22
61
6
18
0
9
59
53
10
9
86
21
21
66
66
83
76
85
16
23
71
86
88
83
41
13
89
88
35
88
43
26
67
0
67
16
41
61
76
26
15
16
59
66
32
87
23
18
37
85
22
44
35
34
85
89
0
53
58
58
37
37
67
41
37
34
19
71
16
31
21
76
88
47
37
34
31
32
23
27
88
6
79
48
65
70
16
62
0
27
89
0
67
48
19
10
34
23
18
31
22
18
61
70
70
89
10
21
10
21
16
44
85
9
89
86
76
59
16
61
41
55
53
8
43
67
8
67
21
43
79
62
66
6
22
59
37
16
35
76
22
22
58
8
79
88
66
0
9
58
6
12
89
53
35
12
18
58
83
71
8
27
66
9
47
32
58
44
70
12
48
58
10
62
13
86
41
88
12
76
55
12
16
34
48
32
86
8
70
67
10
87
9
23
22
44
22
37
47
35
53
61
58
83
86
41
66
21
76
13
35
62
88
48
34
47
48
41
32
85
8
16
62
79
66
31
89
58
35
9
85
89
13
89
43
22
23
44
6
41
34
58
59
15
62
19
13
55
67
58
12
0
34
83
85
83
48
15
79
22
55
12
66
55
58
35
19
85
85
79
71
35
19
31
44
83
37
21
67
76
61
86
8
47
10
79
85
88
71
9
6
53
27
44
48
44
55
