10
25
50.0
18
19
1
4
6
20
15
10
9
1
12
11
2
13
18
18
2
5
24
18
11
16
22
14
21
23
3
1
3
17
8
11
18
13
8
13
0
8
24
3
7
18
8
18
7
13
8
11
24
7
23
8
7
4
19
24
19
7
18
19
4
2
6
18
8
7
24
4
19
2
18
11
19
18
8
18
3
3
11
19
2
8
3
6
13
18
23
1
23
1
6
4
2
24
13
11
1
19
4
7
24
23
19
2
23
18
11
2
8
13
24
4
18
1
8
7
3
13
18
13
2
24
7
7
4
7
23
7
1
24
13
11
4
8
4
23
23
2
7
4
24
4
7
23
6
4
13
13
11
2
1
11
13
2
13
4
4
6
4
23
18
13
4
4
8
4
3
3
1
18
8
13
18
6
8
8
23
18
1
4
2
13
19
2
24
8
11
18
24
23
11
2
18
19
18
8
4
7
7
13
18
11
13
4
11
13
19
11
13
11
2
2
18
8
4
7
18
1
13
18
11
19
6
3
7
13
8
2
4
13
4
6
24
18
8
1
18
24
23
23
18
13
6
13
4
1
8
18
23
8
8
23
3
11
7
1
2
8
2
2
23
7
24
6
3
24
6
23
7
8
24
6
13
13
18
3
7
19
3
23
8
4
1
6
13
19
1
18
1
7
2
18
2
6
2
18
6
24
7
4
7
19
7
11
4
24
11
4
18
1
18
6
3
24
6
6
4
3
6
23
13
24
3
23
3
13
4
3
13
8
1
4
8
6
18
23
24
8
23
24
13
2
6
7
2
11
13
8
3
3
2
3
4
8
24
11
23
3
4
2
7
7
2
18
8
7
11
3
18
24
3
2
11
18
13
13
4
13
4
18
23
2
18
11
13
11
2
1
3
19
2
7
11
19
3
8
7
7
19
24
11
4
11
24
3
24
11
6
13
2
6
4
3
23
18
13
1
2
7
4
3
19
8
11
23
4
23
8
4
3
11
8
6
13
11
2
13
19
11
3
6
7
7
1
8
6
3
1
11
6
7
8
2
6
13
13
18
11
19
3
11
19
4
6
3
4
6
8
24
19
6
3
13
1
7
13
24
7
18
11
1
7
23
7
3
1
2
2
23
1
23
13
7
6
24
6
4
23
1
7
6
19
19
2
18
19
3
1
24
11
7
24
3
8
7
24
19
7
2
8
18
7
23
6
6
18
8
7
24
19
11
1
3
18
3
11
18
18
24
6
23
11
18
4
3
19
13
8
18
18
2
18
23
3
24
7
8
6
4
4
6
7
23
24
13
7
19
3
3
11
19
4
18
6
7
18
11
23
2
2
6
7
1
24
2
3
4
4
7
18
4
6
11
7
4
4
1
8
3
18
3
2
4
2
18
18
13
24
8
3
7
19
6
6
7
1
23
13
24
8
8
13
3
8
23
2
19
2
24
11
3
4
2
2
3
7
13
2
6
4
23
7
18
7
2
19
4
18
2
4
3
1
2
1
13
3
23
3
1
18
24
6
24
19
8
19
24
13
18
1
24
6
18
1
11
7
6
2
7
1
18
23
7
6
3
24
23
8
18
8
23
4
19
2
7
11
3
2
2
11
1
23
7
23
11
3
24
8
1
8
23
1
3
4
19
2
18
18
6
23
19
1
11
6
11
6
8
6
24
1
8
8
1
24
18
8
2
1
24
4
13
18
7
11
2
3
3
18
3
18
2
24
13
23
19
4
13
11
6
18
4
7
23
13
8
13
3
11
1
4
7
8
18
13
3
1
1
2
2
23
4
23
3
24
23
1
4
18
19
23
2
4
23
18
23
18
3
19
2
24
3
4
8
4
18
23
4
24
19
6
18
7
4
11
8
19
4
18
3
4
6
1
18
11
7
24
24
11
19
13
7
19
18
23
23
8
4
19
23
6
13
13
4
7
11
13
24
23
4
19
2
23
13
6
8
1
4
1
2
8
11
3
11
6
24
13
13
11
24
18
23
23
3
8
18
7
8
11
23
13
7
23
6
3
11
23
24
8
13
1
7
6
18
23
2
7
11
18
1
23
18
6
4
3
24
4
1
4
2
2
24
2
7
11
1
8
13
24
7
7
1
3
13
8
19
13
13
24
13
4
3
8
23
7
2
4
24
2
1
13
18
7
3
8
8
19
18
18
6
7
18
3
7
2
6
4
3
18
7
1
3
7
8
8
3
1
13
3
24
3
11
8
7
3
11
4
24
6
4
1
23
2
7
24
7
6
6
19
11
2
1
13
24
3
18
7
7
1
3
6
