10
81
50.0
27
4
57
77
35
71
63
28
66
47
21
16
20
20
79
17
0
79
58
34
43
31
44
22
77
39
56
65
57
55
73
61
49
55
54
5
70
69
76
32
78
75
56
11
56
57
4
47
57
21
1
28
51
8
10
3
43
40
25
56
72
24
79
2
50
30
56
40
28
47
74
79
6
33
33
66
45
12
4
76
55
75
53
42
33
62
11
66
67
33
48
60
51
45
18
56
43
45
80
7
17
51
60
26
59
43
1
5
29
52
60
66
3
61
45
4
37
41
40
5
2
28
51
18
56
16
20
45
61
43
47
74
41
46
20
74
4
76
36
2
45
17
68
14
22
38
43
72
8
37
4
51
15
21
45
28
8
37
9
76
43
2
17
57
20
56
40
45
33
37
66
64
22
38
3
55
21
56
72
66
29
4
45
5
20
75
66
51
33
19
47
66
77
19
22
47
56
11
20
46
56
45
57
2
47
43
17
3
38
3
22
29
11
51
72
46
47
51
75
64
56
56
55
40
37
61
17
3
64
3
20
41
74
5
16
14
16
41
2
1
21
2
2
43
47
33
56
75
21
75
57
18
47
13
28
43
29
57
75
11
38
46
33
56
40
57
75
29
22
11
5
11
38
16
60
29
4
14
4
37
64
56
45
20
1
47
43
77
16
2
17
8
8
23
79
77
29
56
40
64
57
16
75
5
18
1
66
74
4
77
29
19
11
46
72
43
5
61
14
14
5
37
41
56
60
38
28
54
29
16
14
76
60
17
14
33
16
16
60
76
21
76
60
29
22
41
11
64
5
51
1
60
2
61
28
47
8
46
38
57
66
4
66
46
47
46
56
76
47
55
74
61
45
8
46
56
20
72
79
56
55
28
2
16
51
1
54
38
2
61
38
19
60
46
4
8
38
20
77
51
8
16
40
8
41
72
77
17
8
29
14
55
72
43
8
54
54
28
77
40
56
66
54
11
22
47
61
28
19
4
2
11
28
20
45
18
28
22
64
38
79
76
66
72
1
76
33
45
37
76
20
3
75
16
22
54
46
54
38
40
28
43
54
45
19
28
45
66
75
79
40
41
17
5
8
76
28
37
55
74
3
54
17
43
47
64
41
75
21
66
76
79
75
22
16
3
56
41
22
14
66
51
1
1
20
66
19
18
74
11
2
29
41
8
2
61
55
20
64
28
29
64
43
51
75
75
1
54
47
16
2
1
14
11
16
38
55
2
19
75
54
16
11
56
4
21
8
14
4
55
4
18
41
40
5
56
46
16
33
66
75
5
28
79
28
72
19
16
45
56
41
57
2
38
77
5
77
28
55
51
3
47
19
17
56
18
61
54
11
3
75
79
28
8
4
75
18
5
72
21
3
22
28
54
14
79
45
75
51
29
47
55
20
54
61
14
54
19
8
2
4
66
16
28
79
20
61
51
3
46
40
22
8
14
47
43
75
64
60
76
41
14
46
16
33
74
77
43
8
22
28
77
72
57
37
66
60
19
55
18
43
66
5
14
76
19
16
61
29
21
46
75
20
76
66
76
21
21
64
37
79
2
79
47
61
18
2
75
17
72
37
14
77
66
5
56
45
4
1
14
43
46
72
77
55
2
72
5
38
76
56
75
2
75
56
56
56
56
51
37
74
37
11
79
76
66
75
41
46
76
72
77
51
64
66
20
8
22
72
4
20
61
43
2
75
41
18
19
74
66
17
61
3
66
57
16
54
16
29
56
74
14
47
16
28
77
21
76
47
18
72
76
18
74
1
17
60
2
40
56
64
75
40
11
2
37
79
18
66
17
18
14
64
72
57
1
74
55
76
16
40
75
46
41
41
29
47
3
64
55
5
1
21
5
61
66
33
55
21
17
79
75
3
46
51
66
33
2
54
61
66
22
37
77
43
56
5
54
56
38
72
64
64
47
19
29
61
61
77
22
79
17
28
41
75
66
66
64
60
64
76
28
11
64
3
47
14
51
14
38
3
43
60
74
33
57
3
54
74
11
38
43
22
56
64
14
3
20
28
46
20
1
77
28
54
22
16
61
47
37
57
22
28
11
55
45
11
16
2
74
66
76
21
46
74
54
76
64
22
17
77
1
19
19
40
61
8
72
41
75
64
46
46
18
11
17
38
18
61
8
54
79
11
20
8
47
60
61
19
14
33
74
5
28
22
33
76
1
46
79
47
75
19
1
57
45
11
76
77
17
33
19
11
21
45
33
11
77
61
5
46
43
41
77
45
16
46
75
18
61
18
51
55
76
51
40
64
41
54
1
