10
29
50.0
6
8
21
24
28
12
6
22
2
11
9
18
14
15
15
5
18
21
1
26
9
11
17
17
17
19
19
23
9
3
20
9
22
13
10
9
17
15
25
13
26
19
17
18
0
9
16
19
6
18
7
6
11
15
15
11
9
22
9
10
9
15
15
23
23
22
26
9
23
1
22
4
11
6
1
17
6
19
17
13
21
11
21
3
19
1
27
17
11
23
6
15
9
21
15
18
3
19
21
6
21
1
19
22
6
6
10
9
13
18
9
19
6
17
22
23
23
9
26
21
9
10
15
21
19
10
19
11
3
18
9
23
22
15
26
13
19
26
17
23
6
23
3
26
23
6
11
15
21
21
10
9
17
1
23
21
1
26
17
26
26
22
13
21
9
23
3
1
18
6
15
1
3
13
17
9
21
22
3
10
10
22
19
21
10
15
17
18
3
9
26
19
13
22
21
11
1
21
18
26
23
9
6
21
1
9
26
15
18
6
21
17
26
26
11
1
13
23
23
13
23
17
26
15
11
22
23
18
17
17
11
19
17
26
11
10
6
17
13
10
10
26
3
11
3
1
9
19
6
6
11
21
19
17
11
11
23
6
6
22
22
18
9
15
22
10
19
9
21
22
17
9
9
15
26
23
17
6
15
23
18
10
17
10
9
23
10
23
10
23
15
13
21
6
18
26
3
18
26
22
26
18
18
19
21
21
19
17
26
17
22
9
19
17
3
10
3
3
17
11
19
6
22
3
17
6
3
26
26
11
11
15
9
1
1
1
22
26
15
3
11
11
21
1
11
17
9
18
26
18
17
13
19
6
9
13
3
22
6
17
15
11
22
11
6
22
23
10
19
19
23
15
15
17
13
1
18
21
9
22
13
21
1
21
23
23
3
21
15
13
22
22
13
21
9
23
23
21
3
17
22
22
3
19
23
6
11
18
11
1
17
19
1
6
3
15
9
10
22
26
3
23
21
22
17
1
11
13
1
21
15
18
10
9
17
26
19
22
1
26
23
13
21
23
21
10
17
15
18
21
17
26
1
9
13
21
21
17
9
11
18
3
21
26
11
10
19
17
6
21
18
3
1
23
17
18
22
9
6
1
19
21
9
10
9
3
21
11
19
3
26
3
15
23
11
22
13
21
6
13
10
17
23
22
21
6
1
21
18
3
13
21
19
9
13
18
3
6
9
23
3
1
13
17
11
11
9
19
1
21
9
3
17
22
1
18
10
26
22
23
17
11
6
11
18
15
15
13
11
6
22
11
10
23
13
3
11
15
13
11
1
17
13
23
22
9
21
19
3
15
15
6
6
13
17
1
6
1
11
15
9
26
23
19
21
26
17
26
21
21
11
18
15
19
1
3
17
13
11
23
13
18
6
10
3
6
6
17
19
22
26
3
10
15
17
3
21
17
15
22
17
11
18
3
17
11
3
10
19
6
3
18
21
10
21
19
1
26
6
3
26
22
19
15
18
6
19
19
23
1
9
6
13
11
22
1
11
6
1
21
21
23
13
22
22
13
21
17
26
9
26
6
10
17
1
26
21
13
15
22
10
9
15
17
1
3
6
6
22
17
18
3
18
19
26
9
23
1
15
21
21
15
6
19
18
3
21
23
11
19
17
11
10
18
10
9
15
9
10
13
22
26
18
3
22
1
19
22
3
1
17
22
9
17
22
18
19
11
17
26
9
15
1
22
19
23
6
21
10
22
21
11
3
26
13
19
21
18
19
17
21
18
1
18
19
17
26
21
11
10
11
23
18
26
23
3
11
23
10
23
11
3
1
21
10
17
21
1
17
10
15
17
19
22
26
3
18
21
6
1
11
9
17
3
6
26
11
21
6
19
1
10
9
1
19
22
1
18
13
17
19
26
3
9
15
23
10
19
13
9
23
11
6
13
26
6
21
21
15
22
18
1
18
18
15
15
1
26
18
11
6
10
15
26
1
9
18
23
26
22
11
23
6
15
19
21
18
10
23
6
17
17
10
10
13
11
6
17
26
3
1
15
13
6
11
23
19
1
6
23
15
9
26
13
1
1
6
19
6
17
1
17
19
21
19
3
10
22
11
18
21
10
22
23
11
1
1
13
3
10
26
1
3
6
26
15
18
19
3
18
19
11
15
11
13
26
22
17
1
10
6
13
10
23
26
22
23
18
22
3
15
17
11
9
1
21
21
1
15
18
15
17
19
22
21
23
11
19
17
23
21
18
23
17
18
10
13
21
23
15
18
21
26
13
1
15
21
3
23
10
9
23
23
13
6
23
13
21
6
22
