10
69
50.0
45
25
68
18
18
24
38
58
34
7
30
31
36
26
48
0
49
42
63
29
20
37
57
60
57
19
23
66
5
28
25
32
62
64
64
55
39
50
67
55
28
14
47
55
0
46
11
25
2
5
29
21
44
29
9
9
65
54
16
56
39
24
13
23
5
61
29
20
16
1
40
40
41
64
5
2
35
29
29
15
16
19
5
1
10
33
41
53
25
23
17
19
60
1
51
4
38
2
18
11
47
40
0
66
51
11
18
39
7
65
51
24
57
43
19
9
41
5
7
14
14
55
19
64
15
14
25
0
51
7
35
44
11
24
39
20
35
57
3
57
27
1
5
38
40
0
20
19
18
18
22
28
52
6
20
1
11
9
65
38
19
44
38
12
39
9
23
65
29
23
11
44
57
18
11
20
60
44
23
51
14
11
11
20
60
38
47
29
19
28
5
11
47
9
28
38
38
35
24
2
1
28
57
41
25
9
64
2
14
20
60
24
8
38
0
35
51
66
5
60
65
25
18
47
39
5
55
64
47
18
14
25
44
59
11
14
59
19
29
47
35
8
44
29
1
40
38
65
5
14
20
60
40
40
65
23
19
1
40
14
28
9
38
55
57
55
1
51
40
17
47
18
60
23
55
57
44
35
5
29
47
35
24
20
51
11
57
1
60
47
60
57
5
16
39
41
66
0
55
24
57
40
60
41
60
41
11
16
29
55
40
15
47
44
59
2
64
44
0
7
41
11
55
47
38
55
38
9
55
41
47
24
35
55
47
19
66
14
17
35
55
55
20
47
41
18
47
59
66
29
18
39
47
16
55
14
41
7
11
19
25
38
66
7
39
1
16
64
24
41
40
38
5
41
51
57
15
59
16
16
60
40
19
59
11
51
0
2
44
64
14
55
2
2
23
44
65
8
35
29
2
23
39
47
20
47
9
7
9
55
41
9
39
35
24
38
23
55
28
1
39
0
55
55
11
40
51
2
8
24
28
0
55
9
18
2
20
0
5
40
9
51
51
60
44
9
24
39
28
51
5
66
59
18
17
1
25
17
19
55
51
5
51
17
25
47
5
19
17
44
28
25
29
51
1
57
65
28
66
5
57
1
5
8
5
2
25
64
29
38
66
40
55
35
16
60
25
2
51
65
19
11
40
14
23
2
29
2
2
0
55
38
44
15
14
29
39
15
2
25
8
11
51
0
65
19
1
17
64
40
51
23
25
65
60
44
35
18
20
28
20
15
16
14
38
44
65
44
7
8
14
25
8
11
64
16
35
44
65
8
47
23
7
39
20
64
11
41
5
7
15
9
15
18
44
51
7
18
47
35
60
7
65
2
23
24
35
14
25
18
8
14
29
28
29
60
0
40
8
47
35
17
9
18
51
11
0
2
8
64
5
18
35
2
38
41
40
18
64
2
9
20
23
55
41
51
1
20
65
17
44
25
41
8
18
9
57
0
25
29
57
51
25
1
40
39
55
25
19
23
55
40
51
55
8
57
17
5
28
11
66
20
20
28
41
7
23
11
41
35
14
8
55
51
57
64
25
66
65
8
35
57
14
35
64
23
38
5
39
40
57
11
28
59
20
11
17
38
17
60
47
15
8
11
16
29
40
41
39
41
40
17
9
39
51
55
65
66
5
9
64
9
25
66
57
47
11
29
1
44
18
66
0
40
17
35
11
47
39
28
38
0
38
23
17
66
23
0
2
23
57
60
44
38
17
18
23
25
16
15
41
51
8
66
24
23
60
20
65
14
38
2
51
41
51
55
1
25
20
44
7
23
16
60
64
7
28
65
19
7
65
9
44
25
5
20
5
25
47
28
39
23
19
19
20
1
19
20
59
23
7
18
14
57
20
44
18
24
65
25
38
64
51
40
64
15
51
35
29
17
59
23
0
7
1
20
2
64
64
7
17
7
65
8
38
47
40
17
19
15
25
64
8
8
35
0
64
24
20
38
47
29
25
64
41
35
40
23
66
51
57
17
65
19
0
47
35
20
51
39
18
60
29
20
55
17
29
25
8
47
65
39
20
28
47
41
40
66
17
41
18
39
19
29
20
23
8
44
60
65
15
23
9
59
15
1
15
25
0
39
28
28
14
65
5
11
8
17
0
65
25
23
8
55
7
11
55
29
38
16
17
7
39
1
25
55
11
17
44
41
39
20
24
28
41
57
38
19
1
55
14
47
15
64
8
41
39
65
14
11
28
2
17
16
0
47
25
35
9
14
23
28
15
29
28
1
60
39
1
9
57
35
18
65
44
28
60
19
51
59
