10
39
50.0
30
35
32
29
20
16
3
31
23
10
6
4
11
21
23
30
3
15
22
27
30
2
38
4
1
18
2
24
0
25
8
27
33
13
17
5
9
36
6
28
23
28
28
2
22
29
27
2
9
9
20
9
27
9
8
22
22
27
35
20
36
3
8
12
35
6
2
34
23
14
19
7
20
24
27
6
30
29
27
26
35
2
37
27
22
26
9
5
29
24
20
24
14
23
37
27
5
4
24
27
30
5
35
5
26
26
20
37
4
35
5
27
23
6
28
22
4
3
3
6
23
14
27
28
6
26
23
6
6
28
23
22
27
8
23
36
35
6
22
29
6
24
4
29
28
35
30
37
2
20
9
20
30
5
28
35
22
23
29
23
14
3
28
24
35
20
3
9
28
30
8
37
5
3
5
27
36
22
29
35
14
30
3
4
26
24
22
28
29
9
20
5
24
6
9
5
36
9
37
14
35
37
9
6
23
24
27
9
36
2
27
28
26
4
4
3
5
26
26
27
35
9
35
24
14
20
6
27
5
26
22
2
14
2
2
36
28
36
8
3
4
23
14
24
36
28
26
26
3
20
23
27
3
28
23
37
35
26
27
30
35
8
14
28
37
27
37
37
20
29
23
35
36
28
5
36
9
5
20
20
24
37
36
36
20
26
24
5
28
24
29
6
23
8
3
30
29
2
23
5
8
4
3
3
29
22
36
6
24
36
6
28
35
27
2
23
23
4
9
30
30
36
26
29
14
26
3
23
27
26
4
30
29
23
14
36
2
2
30
23
23
4
8
3
26
5
37
6
29
27
6
14
35
36
6
2
23
36
22
14
35
36
20
2
20
29
37
5
26
22
30
2
14
22
2
6
2
37
6
26
8
14
4
14
4
28
9
9
37
20
35
4
22
35
27
22
22
24
3
6
37
28
2
30
35
29
30
14
26
8
5
14
6
30
4
20
26
4
28
20
26
4
35
20
24
3
4
29
22
36
23
23
9
26
30
30
29
30
28
5
36
9
2
30
23
30
27
6
20
5
35
26
6
9
8
29
24
20
35
14
37
23
6
37
9
3
30
26
36
37
28
27
22
22
14
37
9
9
24
9
23
23
28
28
4
26
36
8
35
35
29
30
26
28
22
24
9
22
3
23
9
28
37
22
27
36
2
36
14
29
24
5
6
35
28
37
27
37
36
36
27
27
3
20
9
35
6
24
35
4
36
22
5
9
26
9
29
24
9
6
30
4
37
27
28
8
27
30
22
5
27
29
6
5
9
20
14
29
23
14
27
29
26
27
4
8
29
5
35
8
36
14
37
35
37
28
6
27
23
3
26
4
9
35
8
6
30
8
29
22
35
20
3
30
37
35
22
2
26
4
23
26
14
6
3
23
23
9
36
35
30
35
9
2
4
6
20
28
36
2
2
9
28
35
5
9
30
5
2
20
35
27
20
2
28
35
27
28
8
24
35
14
20
27
29
6
9
36
6
36
6
30
14
22
30
9
26
37
9
23
5
20
5
4
37
23
8
36
9
37
22
28
9
26
8
4
22
20
27
3
37
28
2
29
9
35
4
4
22
29
2
36
22
9
27
24
8
2
20
23
9
22
20
23
27
35
29
5
24
4
35
22
2
8
22
4
5
27
20
27
5
26
35
14
20
35
9
20
6
27
37
28
8
26
29
24
20
3
26
24
20
8
24
22
22
35
14
22
4
22
26
36
35
23
22
6
37
2
5
35
3
35
14
5
36
26
4
8
36
22
9
22
8
14
2
28
24
14
8
14
2
22
28
27
14
29
2
28
24
22
14
3
8
30
6
28
9
26
4
5
14
27
4
24
3
23
30
27
35
20
37
30
5
14
37
20
24
4
37
24
29
36
26
23
20
24
26
37
35
30
6
24
4
29
29
30
9
20
22
8
24
2
30
9
36
4
2
36
2
6
27
35
22
36
22
27
2
27
27
28
4
30
23
27
29
26
24
5
22
2
22
8
30
14
3
30
24
36
14
27
23
8
27
24
29
2
20
3
30
36
24
26
36
28
9
14
29
37
23
37
26
14
6
22
35
2
37
3
27
5
22
14
23
6
8
20
36
26
6
22
30
22
5
35
2
24
26
27
30
2
9
9
5
2
8
22
2
5
5
27
37
29
26
9
20
27
30
9
14
36
28
22
3
14
26
8
23
22
37
4
2
4
28
9
28
14
22
27
2
24
14
14
26
8
27
3
5
35
20
6
30
6
24
36
29
22
30
6
20
6
26
4
3
28
35
26
2
20
22
9
