10
60
50.0
41
24
25
0
37
55
45
13
18
43
41
59
12
7
57
45
31
4
30
39
45
51
9
50
12
54
37
28
10
32
34
47
22
23
54
54
38
38
56
35
3
1
37
46
38
23
29
45
10
8
8
35
38
11
18
58
38
19
20
8
5
45
37
28
41
18
55
12
12
55
45
34
2
21
14
33
34
6
45
23
54
34
14
54
37
42
45
45
45
40
44
6
41
28
38
18
26
27
54
20
54
49
6
20
48
26
48
35
32
38
45
19
53
10
37
27
35
44
28
27
20
37
19
41
23
28
54
42
40
2
26
37
8
42
2
15
26
48
27
14
27
17
23
18
48
10
15
14
34
15
10
42
41
54
37
26
36
15
52
15
2
35
19
27
15
35
18
16
40
2
23
41
48
35
44
52
32
55
12
16
52
15
20
10
12
52
2
35
14
55
15
15
23
2
37
12
44
48
48
38
15
20
45
34
37
54
37
38
18
14
48
38
44
38
23
23
41
23
42
54
12
20
26
34
26
28
44
55
27
52
26
15
8
41
40
34
55
27
35
10
2
48
40
43
8
12
19
27
15
8
26
34
44
52
48
41
15
15
10
48
34
44
37
38
28
18
6
14
6
43
52
8
12
48
41
2
28
28
10
37
8
8
37
18
14
38
15
54
43
12
41
41
52
44
16
52
18
32
23
6
52
27
26
12
32
44
48
19
23
27
37
10
52
35
18
44
20
41
27
43
10
20
16
52
32
45
14
32
28
6
16
41
19
20
6
14
23
20
18
43
55
16
6
55
12
18
38
6
42
45
38
45
32
44
40
40
37
54
14
40
20
15
52
10
14
15
15
34
54
55
16
40
41
27
27
14
43
12
20
14
44
28
37
55
45
54
41
16
48
28
34
18
32
28
27
27
20
35
15
44
14
14
10
54
35
18
18
55
10
2
14
15
42
6
15
54
34
15
20
41
40
8
28
32
38
26
2
20
38
44
37
45
16
26
37
55
35
41
43
2
43
6
37
48
28
41
43
8
34
10
44
10
8
37
54
42
8
27
26
44
6
6
2
48
6
38
20
10
23
52
48
15
43
8
20
27
16
32
20
16
18
45
19
32
55
37
18
42
12
26
6
41
12
55
34
18
42
14
2
38
6
55
40
28
23
32
2
52
38
14
2
34
19
55
52
18
19
15
52
14
14
52
14
10
40
32
44
23
40
16
14
10
32
27
35
12
38
54
42
32
10
41
32
41
16
14
20
48
6
26
42
15
44
12
6
19
44
42
52
18
38
54
16
14
52
16
14
34
8
52
44
2
2
34
12
26
41
10
44
8
26
26
16
8
10
16
12
15
18
26
34
32
15
37
28
20
12
26
34
15
27
44
26
28
40
8
26
37
52
20
20
2
48
10
55
32
2
54
16
37
20
16
55
52
20
41
34
41
10
45
2
26
44
52
23
23
23
38
28
45
38
14
34
55
35
6
20
28
48
35
12
44
6
18
55
28
48
26
19
16
12
16
38
35
40
35
2
45
10
44
2
44
8
6
6
20
6
41
8
10
27
55
18
26
23
16
42
12
48
20
41
32
48
8
19
32
42
27
18
45
40
42
15
52
8
15
16
52
27
48
20
38
32
32
8
54
20
41
42
16
40
44
10
14
14
43
34
41
54
20
41
54
18
26
6
6
40
41
6
44
27
12
32
16
10
34
8
14
23
2
8
6
48
26
26
10
18
27
10
37
40
42
37
2
54
16
37
15
44
18
45
26
43
19
40
27
20
38
41
8
38
27
26
55
52
2
42
19
52
26
44
28
43
38
10
19
27
18
45
41
19
43
38
48
32
16
32
41
2
27
34
32
23
18
48
41
20
52
45
8
14
2
10
12
2
34
19
28
45
10
41
38
27
45
40
45
41
41
52
35
34
32
18
8
42
55
38
45
6
41
41
45
15
18
26
48
41
15
55
44
41
8
2
48
6
18
48
14
43
37
15
55
34
43
37
10
6
2
45
52
26
10
48
37
8
8
23
38
41
23
28
55
20
42
38
34
26
44
34
27
23
14
15
10
6
14
40
20
27
32
41
12
41
54
14
15
19
48
54
38
12
40
34
15
8
38
16
8
38
35
23
32
8
37
26
38
55
35
35
55
42
20
54
12
27
26
12
32
32
44
27
18
8
52
37
54
35
8
15
32
42
38
26
37
54
2
2
45
20
35
15
42
40
14
37
19
28
27
45
27
15
42
12
20
8
52
35
12
44
6
2
44
18
45
10
54
48
20
48
41
