10
20
50.0
14
1
4
19
2
18
15
10
8
13
10
13
3
17
10
1
1
11
9
10
10
8
2
1
7
8
1
16
1
0
12
15
5
10
10
6
13
15
9
10
13
16
16
15
18
10
6
1
16
18
10
2
16
8
18
8
8
1
8
18
9
8
16
9
8
6
18
6
1
9
8
8
9
6
6
8
10
6
8
18
2
18
10
10
16
18
8
15
13
13
13
1
16
10
2
9
18
2
13
6
15
15
13
8
9
8
9
9
9
8
9
1
13
13
15
2
15
2
9
9
6
18
6
1
13
10
15
18
6
16
16
16
16
2
9
13
16
6
8
2
6
8
18
2
8
13
6
10
10
13
1
18
13
10
9
16
1
6
16
15
1
1
6
18
16
18
10
1
1
1
1
8
8
18
6
13
6
16
15
1
8
9
2
15
16
6
15
8
16
8
1
10
13
2
15
18
2
13
2
15
1
1
1
18
16
10
10
18
2
16
2
16
8
13
18
18
13
10
9
6
1
9
16
18
8
1
9
1
10
9
8
16
16
6
1
18
15
15
15
13
6
2
1
2
13
13
10
18
16
6
2
2
15
6
1
9
16
9
10
1
10
9
10
1
13
9
6
1
8
8
1
10
8
2
10
15
6
15
9
16
15
8
13
8
2
10
16
15
16
6
10
2
6
9
18
18
1
9
15
1
9
9
18
1
10
16
8
6
10
16
1
9
16
18
16
2
8
9
2
6
13
6
13
10
16
10
18
6
10
6
13
15
2
16
2
1
2
13
6
13
9
2
9
9
1
8
2
10
1
18
18
9
2
1
6
6
10
8
10
9
8
8
6
13
13
15
13
8
13
13
2
6
13
16
16
15
9
8
1
9
6
2
13
15
1
10
1
2
16
2
15
15
10
10
16
2
15
2
6
8
9
2
8
9
16
16
18
10
10
1
13
1
2
10
6
2
6
6
13
15
15
13
6
2
1
1
6
8
9
13
1
16
2
13
15
18
2
1
9
1
2
1
2
8
9
6
9
1
8
2
2
9
2
8
9
13
15
15
8
2
9
13
16
13
9
10
8
1
8
9
18
15
9
2
8
10
13
1
1
6
15
13
10
2
16
13
1
15
16
1
15
13
9
2
15
15
10
16
6
9
16
2
8
8
1
13
15
18
8
2
13
15
13
13
10
9
15
10
13
1
18
10
10
6
8
8
18
6
15
13
1
6
16
9
8
1
10
9
10
6
18
13
18
6
6
10
1
18
6
2
16
9
16
13
8
16
1
10
18
10
15
8
9
15
15
6
1
1
10
2
16
18
15
16
6
2
18
1
15
18
9
9
2
2
18
6
16
18
8
15
2
2
6
15
13
18
16
6
8
8
13
9
2
6
10
2
9
9
2
10
18
6
16
13
1
10
15
2
16
10
16
13
9
9
6
2
2
2
15
2
15
10
6
18
13
18
2
9
13
1
10
2
16
18
16
18
10
13
18
1
8
13
15
8
10
6
15
6
2
16
2
1
13
13
13
6
8
15
13
8
16
16
9
2
10
6
9
6
15
18
9
2
16
16
18
1
13
8
16
15
16
15
9
1
9
9
18
15
15
1
8
16
18
13
15
1
15
13
16
6
16
9
2
13
18
9
18
13
2
2
1
10
2
8
16
15
9
18
15
16
2
13
1
16
6
15
15
10
1
18
9
6
2
9
18
2
8
18
10
18
1
6
6
10
18
2
18
2
13
2
16
6
1
2
6
8
18
15
16
13
1
6
10
2
8
18
1
6
10
15
1
9
6
6
18
8
9
16
1
13
10
6
16
1
8
6
2
1
6
10
1
9
1
16
2
13
8
1
9
10
16
16
16
10
6
15
13
8
9
9
9
9
15
6
15
13
13
16
13
10
10
13
8
16
6
13
9
10
8
1
9
18
10
10
2
18
8
2
9
1
6
2
18
8
2
1
9
9
2
8
15
1
6
13
2
13
8
9
1
8
2
16
2
16
16
2
10
9
16
8
18
2
15
6
2
1
10
15
2
18
15
2
10
8
9
8
10
8
8
13
10
13
8
13
9
9
15
15
2
6
2
15
6
10
13
6
6
10
8
8
10
9
9
18
18
15
8
2
16
18
2
18
16
6
10
15
10
13
13
9
10
13
1
8
16
6
8
6
6
1
15
16
8
2
2
16
15
8
10
16
13
10
9
1
8
9
18
1
16
18
18
2
2
13
9
1
13
2
10
10
6
1
18
18
1
2
6
2
6
6
16
10
2
18
6
1
18
2
15
15
