10
44
50.0
41
15
0
40
15
33
14
27
8
5
28
15
15
41
29
22
24
26
6
36
0
37
24
19
17
38
11
10
41
17
34
42
0
9
2
20
33
3
18
35
8
27
15
7
4
25
27
23
1
41
31
39
27
37
15
9
30
42
10
4
36
38
10
43
27
16
32
21
15
16
30
24
42
24
16
43
23
23
39
24
27
33
9
31
30
23
24
33
4
36
8
37
23
9
42
9
39
21
9
41
42
12
38
17
30
24
0
27
21
41
31
27
24
0
4
33
41
31
9
8
43
13
23
33
9
0
24
16
38
8
43
9
41
43
42
36
43
17
36
0
24
8
10
36
23
17
21
42
17
27
38
24
17
38
33
42
0
24
17
16
42
43
16
10
33
23
10
31
4
36
38
41
0
4
21
33
30
36
16
38
33
36
24
15
27
21
8
15
33
43
0
43
21
33
41
41
27
8
27
38
8
37
24
21
16
16
4
30
38
17
39
10
4
17
37
41
8
24
33
21
37
31
15
4
33
42
16
39
36
43
36
9
41
4
4
9
8
9
43
16
16
30
41
33
42
16
43
42
8
38
42
33
41
39
23
42
43
39
24
15
4
43
4
42
23
38
17
10
0
15
23
24
0
36
42
38
42
30
33
21
10
0
0
37
8
17
15
4
4
31
38
24
10
36
27
23
39
4
15
16
17
17
16
41
41
0
36
21
43
30
30
33
33
42
42
41
43
23
33
41
38
21
23
37
0
8
42
38
21
30
43
38
9
36
30
43
41
4
8
39
39
4
36
41
17
33
8
43
42
4
42
10
23
23
38
27
23
43
10
42
10
23
15
15
16
10
17
21
23
16
39
27
36
38
8
15
8
16
43
36
42
27
39
21
4
9
31
31
38
30
15
43
23
38
24
37
30
39
10
42
36
4
31
42
23
27
31
10
17
37
4
37
9
15
16
36
15
39
42
27
8
33
9
4
27
0
41
41
41
4
23
42
24
42
42
36
30
37
43
38
27
10
21
24
16
0
4
30
30
37
23
30
33
24
15
41
16
42
4
23
16
17
30
43
8
33
10
38
0
37
17
38
31
4
42
4
17
16
24
9
24
39
31
10
24
33
23
8
27
38
30
30
36
0
15
39
0
17
8
43
41
36
23
38
8
30
38
16
43
39
0
17
8
21
33
8
15
8
10
33
27
4
36
27
38
31
31
23
42
42
42
31
8
38
27
15
9
16
30
17
33
27
39
10
36
36
16
33
38
41
8
42
37
39
4
37
16
38
0
43
17
41
21
23
17
9
8
43
36
42
8
10
24
27
36
27
4
9
15
38
38
23
4
36
42
37
36
27
39
24
41
37
24
38
41
24
39
15
31
30
4
0
42
38
0
38
31
27
24
41
37
39
36
27
16
37
23
37
33
42
39
24
16
23
38
8
37
31
41
42
30
0
36
30
38
21
39
16
37
33
8
42
30
36
36
30
15
33
39
41
43
4
24
23
17
9
0
21
21
9
38
39
0
8
31
4
43
27
42
23
30
23
0
21
23
38
8
4
39
17
41
42
15
15
37
21
38
21
16
30
10
33
41
41
8
8
27
36
23
17
31
43
42
16
17
43
0
33
42
9
4
31
36
37
33
27
9
17
15
36
36
27
15
31
43
8
39
37
23
33
8
42
24
17
10
0
30
38
23
43
30
36
24
36
4
33
17
24
38
39
4
31
41
21
38
33
9
33
4
41
43
33
38
41
31
16
38
41
17
8
24
36
43
15
4
10
10
37
27
16
42
21
21
24
27
38
17
10
37
39
24
37
9
33
37
27
30
33
27
30
30
38
16
36
16
36
27
41
43
0
0
16
38
8
43
15
36
39
41
37
23
4
43
30
24
8
38
39
24
8
41
16
4
43
30
16
4
33
15
17
17
23
9
27
0
30
33
15
37
39
9
21
24
21
31
10
23
43
16
33
0
21
9
9
8
36
38
33
39
38
36
39
41
30
38
30
37
41
37
21
4
36
16
0
33
33
37
24
9
4
8
24
27
10
10
41
10
21
10
27
24
31
37
0
38
21
38
10
15
33
9
0
33
31
24
39
17
4
23
36
36
9
41
36
37
9
41
41
23
38
21
21
43
9
17
41
36
39
41
0
24
0
30
30
23
15
42
16
17
39
23
21
16
42
33
27
37
16
43
37
39
17
0
17
8
31
17
43
17
23
39
23
37
41
10
4
8
42
39
8
21
15
15
4
24
38
37
17
33
16
30
8
31
10
42
9
10
38
30
17
