10
84
50.0
29
39
16
36
17
83
73
82
51
52
56
21
57
0
79
38
10
45
78
33
28
31
33
8
75
0
33
83
65
30
6
12
74
22
38
13
32
61
58
76
55
63
44
7
37
37
8
56
66
83
8
80
50
11
27
60
9
19
2
37
51
3
33
63
26
14
0
75
15
1
8
0
51
24
77
54
51
42
18
83
70
30
46
20
39
71
69
53
64
22
65
83
69
39
23
75
63
76
33
34
83
69
25
39
13
20
60
63
2
50
20
48
13
17
72
17
38
0
56
24
46
47
75
39
14
53
25
17
24
76
40
68
41
22
30
54
54
62
15
67
43
56
27
37
40
20
15
83
51
2
25
49
63
53
6
83
63
66
83
76
47
35
50
63
15
33
51
38
33
13
81
54
63
0
33
27
76
83
39
20
51
15
0
83
71
6
20
69
17
50
24
30
66
54
34
24
13
8
25
30
66
17
83
34
62
40
75
76
8
37
59
27
15
38
81
75
51
15
71
5
25
51
66
34
38
25
19
60
37
75
54
33
56
27
13
24
83
0
35
2
50
40
38
13
6
66
34
83
38
71
17
30
8
53
66
63
13
20
77
17
51
54
22
47
56
54
25
66
6
47
30
53
27
51
24
27
81
19
39
63
38
6
47
35
65
2
65
25
76
6
40
60
15
76
71
60
51
27
19
76
63
66
63
24
14
6
8
81
50
51
50
19
15
81
53
81
47
30
76
34
24
25
40
83
30
75
76
71
25
56
14
25
66
51
56
76
0
39
75
75
2
25
65
30
8
37
30
30
63
56
66
4
60
65
13
75
8
13
53
51
34
69
54
65
53
40
75
24
66
33
6
14
83
4
66
37
51
39
56
46
24
46
19
71
69
76
22
83
54
20
24
81
35
75
24
6
71
69
35
15
13
65
2
76
20
40
37
4
39
39
37
6
60
19
35
63
47
8
83
66
47
0
54
0
0
69
62
39
25
50
27
33
60
66
14
27
56
54
63
27
27
24
30
65
13
6
34
65
13
63
25
30
14
81
39
81
39
4
81
4
62
0
51
33
2
54
71
39
2
69
14
75
71
20
15
46
8
60
22
62
40
20
4
66
4
51
76
33
46
22
0
62
53
4
76
25
60
24
4
33
83
8
71
8
39
53
38
47
81
60
25
62
4
69
46
69
6
33
83
65
13
30
20
25
46
4
37
63
62
13
20
81
14
76
37
76
27
24
63
30
19
46
62
37
20
38
2
25
51
4
39
17
38
66
81
37
34
0
4
20
56
54
47
4
56
14
46
76
39
2
53
83
38
19
22
77
39
22
30
62
22
15
30
30
22
17
35
6
38
4
8
25
53
6
34
24
76
63
56
24
35
81
83
24
63
53
25
34
14
62
76
40
60
69
35
24
76
6
75
35
60
56
56
33
8
6
53
33
53
65
62
77
14
62
69
56
53
37
38
19
6
25
27
20
20
27
34
4
81
76
34
54
77
27
15
20
19
75
14
65
2
56
53
2
14
34
19
71
39
33
47
22
51
71
66
19
8
2
17
8
75
71
15
54
63
2
20
27
60
75
39
22
33
65
53
56
37
60
27
30
22
22
75
15
4
19
30
62
76
54
63
60
56
65
24
53
60
77
25
35
2
19
83
62
30
75
24
19
22
50
62
27
25
17
6
56
27
17
27
77
27
66
65
60
37
56
24
30
0
14
39
13
38
30
50
56
35
60
17
71
27
17
40
81
60
71
62
34
46
25
0
77
8
30
38
83
14
6
53
54
54
37
83
2
34
46
4
63
2
56
17
46
19
20
46
38
25
81
33
0
14
65
20
76
63
19
19
60
60
25
17
60
34
33
53
8
2
83
20
47
33
69
60
62
37
76
50
83
62
69
14
54
0
8
81
54
33
20
22
19
8
51
38
46
13
25
37
35
4
37
51
39
39
77
27
20
65
25
20
20
65
69
27
24
50
60
56
6
30
17
62
19
71
15
27
37
62
81
66
20
56
66
50
27
77
66
56
19
4
50
13
6
17
46
76
71
2
65
35
8
0
35
81
30
69
6
38
27
20
14
2
17
34
30
56
46
14
63
20
46
46
83
39
14
24
17
30
24
81
2
76
17
35
13
40
69
46
19
38
39
19
60
22
35
81
19
50
4
0
50
83
2
39
8
83
19
53
75
65
13
77
14
81
62
35
50
47
39
4
65
65
71
24
33
60
71
53
37
40
17
35
0
51
14
60
81
66
56
20
53
0
19
76
69
47
2
35
76
4
39
