10
28
50.0
21
1
11
23
3
9
12
14
18
16
7
24
10
5
19
25
26
19
5
22
17
0
17
0
11
8
15
14
10
5
13
14
4
4
20
4
11
17
6
16
17
17
14
4
11
0
14
15
0
0
13
19
10
13
4
20
0
15
6
5
4
16
0
15
5
0
20
6
27
6
17
11
20
14
20
14
20
5
13
20
2
11
16
0
4
19
5
19
0
13
13
10
11
4
10
16
11
2
14
20
10
20
4
2
2
0
6
19
2
14
14
19
5
16
17
10
10
0
5
14
11
4
2
2
5
14
16
0
5
0
6
14
20
20
6
19
17
19
10
4
10
5
5
11
14
5
10
5
20
16
11
0
11
0
11
20
20
6
6
17
14
20
17
5
19
0
17
15
17
15
4
16
17
4
0
13
20
0
4
11
16
11
11
16
5
10
14
19
20
2
2
2
16
14
4
5
16
16
11
16
16
4
4
11
10
11
19
17
2
15
11
4
0
4
14
14
6
10
20
20
4
19
15
16
11
10
20
11
15
20
4
6
11
2
14
5
5
17
13
13
19
11
2
17
5
11
13
15
14
17
5
13
10
2
10
13
6
16
16
16
13
11
13
14
0
11
19
2
6
4
20
15
0
10
20
11
15
14
5
10
10
10
0
6
17
10
20
2
11
0
4
19
11
17
10
4
19
4
15
4
19
15
17
16
17
10
19
4
15
4
14
4
4
17
17
11
5
10
10
6
0
19
5
11
16
15
6
10
14
6
4
2
11
17
6
14
2
4
13
13
2
20
13
5
20
0
15
4
17
13
11
5
11
20
14
17
4
2
5
2
13
19
10
17
15
2
19
0
15
16
19
19
14
13
11
4
20
5
11
5
11
10
5
17
5
10
15
13
19
15
19
19
5
19
0
16
19
10
6
19
11
0
0
0
0
0
6
17
4
20
0
15
5
20
6
14
4
20
16
0
6
6
16
19
2
0
10
14
14
13
16
0
20
15
15
0
14
4
6
19
17
20
14
14
15
10
2
14
10
20
5
6
5
4
6
20
10
19
5
11
20
10
10
20
2
10
4
17
0
19
5
6
14
2
11
2
16
5
6
16
4
10
4
15
13
17
4
15
20
5
19
4
4
20
0
2
20
16
16
10
15
4
14
6
6
2
20
15
6
14
17
19
0
14
4
14
13
17
14
14
15
6
17
17
5
13
2
5
2
14
11
14
20
4
14
14
11
6
6
15
0
4
19
2
17
17
10
20
11
19
6
15
6
16
14
6
15
4
4
16
13
20
19
6
2
4
11
20
20
13
4
17
11
20
20
6
19
2
13
19
13
17
5
17
6
14
10
19
2
0
11
15
10
16
19
14
4
11
19
5
10
6
16
5
6
4
17
16
6
0
11
13
11
13
2
16
16
20
19
20
16
6
13
10
16
0
5
11
0
13
6
16
14
13
20
11
16
6
4
15
13
0
14
19
13
0
16
4
11
13
13
20
16
13
15
6
6
20
19
14
6
11
17
10
14
0
17
20
10
11
6
13
17
5
6
5
5
5
5
16
4
4
5
14
5
4
16
20
17
10
15
2
13
14
0
15
5
6
13
10
20
14
5
16
5
19
19
14
11
19
4
16
2
19
6
6
13
17
20
10
5
5
6
16
19
20
19
0
4
2
16
4
17
6
20
14
11
10
16
14
0
20
0
20
19
15
5
6
13
16
2
11
11
4
17
4
17
16
15
4
0
0
6
2
5
2
4
15
0
17
5
4
4
4
2
2
14
6
10
19
11
11
4
20
0
10
5
11
14
11
17
16
16
14
0
16
2
4
15
5
17
10
2
15
10
13
2
19
19
19
2
4
15
20
17
17
0
15
19
2
13
20
5
10
14
15
0
11
0
17
6
6
16
11
14
16
11
19
6
10
0
14
19
5
2
0
5
2
16
20
20
14
14
4
14
4
20
4
10
14
6
14
5
15
5
4
4
16
16
0
0
10
0
2
13
19
2
2
17
11
0
2
11
17
13
4
14
19
17
13
17
16
6
11
20
13
14
14
15
13
5
0
5
0
11
4
10
5
16
17
19
16
10
20
5
10
19
14
20
4
0
0
2
10
2
13
17
15
5
20
0
13
6
4
17
17
11
19
0
4
2
19
2
16
6
17
10
15
10
14
10
10
11
19
0
6
14
17
20
13
14
17
5
17
15
13
15
19
2
10
16
17
16
6
19
16
4
20
0
17
19
11
0
4
16
2
2
19
0
2
4
11
11
11
15
20
19
16
17
10
