10
98
50.0
14
80
66
15
19
77
94
49
46
90
53
29
44
84
76
19
21
64
26
47
23
51
45
36
95
30
40
5
81
96
56
79
78
52
23
3
26
12
25
29
1
68
58
35
8
72
60
82
70
77
4
15
92
52
0
34
69
26
26
77
26
60
31
38
69
13
71
0
52
54
2
43
10
24
73
7
18
74
55
41
27
75
65
40
10
15
48
42
21
42
77
67
16
73
28
29
58
59
97
32
42
30
49
89
26
61
19
63
11
2
21
4
86
70
41
17
69
26
42
27
77
23
14
50
19
40
22
63
21
50
32
59
69
65
93
49
50
30
42
31
50
57
38
63
73
2
34
77
87
10
86
50
27
18
31
23
88
26
58
91
31
10
58
15
77
83
21
21
42
49
86
63
86
73
20
21
31
52
9
44
38
4
83
15
15
7
4
33
22
23
58
60
0
30
83
70
69
30
23
97
42
44
40
62
14
39
97
52
38
2
58
40
83
69
40
62
59
40
62
6
65
85
7
70
30
11
2
60
42
60
59
62
50
58
62
19
7
63
18
91
2
69
4
23
86
41
34
2
34
21
49
37
44
77
86
58
11
32
34
52
62
26
60
6
22
27
19
30
34
86
22
85
65
16
63
31
33
4
63
69
41
11
52
0
33
6
40
18
70
6
30
50
15
62
43
14
22
31
42
21
73
85
49
77
43
19
4
7
33
30
43
0
97
60
10
50
27
22
52
91
86
23
18
34
29
86
6
34
19
14
4
21
15
73
62
73
4
31
10
6
65
23
21
70
97
39
33
11
38
38
60
38
49
59
60
19
30
18
52
33
58
26
69
49
0
60
11
32
15
29
34
65
62
31
11
41
52
10
26
85
73
23
32
31
77
19
14
62
59
43
11
23
18
6
42
86
70
32
29
83
32
23
42
16
40
73
77
43
14
62
40
65
63
43
73
97
29
44
59
88
88
39
19
29
86
16
69
21
63
22
73
50
0
83
38
50
32
42
29
14
50
4
27
63
10
6
62
39
63
7
88
23
34
6
29
30
97
88
10
58
2
16
85
2
91
97
16
70
0
10
23
63
29
44
2
33
7
18
69
34
38
27
43
14
39
77
27
83
52
52
30
7
30
60
23
22
97
30
26
21
21
34
7
18
97
14
73
52
43
15
26
31
10
15
34
26
29
30
32
88
31
70
58
22
32
73
42
30
69
32
15
21
58
50
7
39
44
33
4
6
27
83
62
21
59
85
6
27
50
77
63
97
60
97
42
2
39
69
38
40
70
60
30
41
43
91
22
62
10
14
15
14
15
32
16
29
91
14
26
30
41
22
10
65
26
60
14
0
32
85
14
59
30
50
10
0
86
33
58
52
10
4
43
40
21
6
15
6
15
19
52
40
97
49
49
19
18
29
44
23
11
85
83
50
70
62
91
11
15
70
43
14
91
63
21
49
62
73
19
63
15
69
0
58
16
29
77
27
23
16
38
50
31
26
49
44
44
77
44
85
52
43
23
91
34
31
63
34
16
15
49
70
16
39
41
50
40
21
22
11
91
0
26
60
23
50
44
26
10
40
16
42
33
77
70
30
73
40
59
52
27
49
88
70
63
32
63
85
2
41
2
60
7
18
50
60
44
30
27
30
88
69
38
34
42
19
14
41
70
19
15
83
39
83
0
44
91
26
14
91
44
52
50
59
31
15
31
29
52
44
15
44
49
63
77
21
39
50
4
29
0
91
86
88
16
97
4
22
91
43
4
39
91
21
91
18
0
77
31
16
69
41
77
29
15
10
77
10
39
59
70
34
11
21
49
52
49
77
22
85
6
26
69
65
65
39
2
34
10
7
6
43
85
39
22
60
27
19
7
33
42
11
69
6
32
83
27
31
15
11
97
6
85
32
26
21
58
19
69
30
44
86
59
16
6
97
27
83
26
39
11
6
97
73
91
42
0
43
73
10
85
65
33
6
52
70
4
44
69
62
0
31
43
33
39
58
11
88
15
43
41
23
18
22
42
43
27
73
85
43
34
0
40
16
44
59
85
60
97
30
73
65
30
29
11
7
97
22
83
26
29
27
40
86
4
86
43
83
21
33
97
97
42
34
49
15
70
39
32
10
39
77
77
7
65
31
83
91
44
11
2
39
73
29
44
85
31
19
73
6
97
11
40
91
18
49
52
0
77
70
15
73
19
50
15
27
26
4
52
41
14
91
40
18
49
30
97
73
0
27
42
31
33
0
32
73
39
19
19
63
11
34
86
29
58
49
58
4
70
97
