10
99
50.0
96
76
55
48
68
57
42
88
53
69
79
5
41
33
1
57
30
97
20
85
25
92
39
39
51
90
64
22
5
37
45
77
3
38
13
82
4
85
7
0
87
15
22
66
80
96
84
98
85
35
56
9
91
11
70
33
51
28
55
58
49
81
45
93
83
23
25
4
17
73
41
67
3
85
19
22
2
88
62
89
49
60
67
92
34
41
36
52
44
57
84
40
98
9
98
98
27
61
49
92
5
16
19
45
95
88
14
88
41
59
10
50
64
39
64
89
63
41
52
28
12
37
51
12
20
22
85
18
96
39
86
71
74
27
24
10
78
77
69
12
94
67
4
62
69
20
5
96
54
33
21
62
29
71
41
46
51
8
74
85
46
28
45
84
85
89
30
34
10
89
75
72
29
31
6
46
85
75
22
77
29
69
4
62
34
64
98
49
28
71
30
5
27
77
52
41
49
33
72
74
25
28
41
89
41
67
74
9
96
41
64
74
84
9
71
74
20
51
64
84
75
92
26
57
88
74
34
55
49
46
96
98
22
9
29
5
75
57
54
68
68
50
57
86
19
39
33
45
50
46
12
62
22
86
29
71
46
8
10
37
54
69
46
51
77
71
25
75
96
5
75
9
47
25
69
49
54
64
77
74
10
75
89
30
68
85
34
22
68
50
22
96
74
10
30
51
51
77
5
28
3
92
96
12
39
89
58
67
8
9
85
92
98
33
65
71
9
58
33
71
29
71
62
20
46
54
8
34
55
34
5
51
25
74
41
27
98
9
19
88
47
88
5
3
12
46
84
29
67
25
41
28
3
62
96
12
69
3
39
71
52
45
3
33
72
96
52
12
69
54
29
33
58
10
51
77
47
62
49
54
62
85
67
77
57
33
74
55
85
77
27
96
92
89
50
4
68
47
8
19
10
10
77
72
88
67
49
86
39
51
86
77
47
50
19
96
64
51
39
27
88
25
69
69
28
47
20
92
12
92
28
9
86
74
27
64
30
20
68
85
54
72
30
69
51
57
50
3
37
33
68
52
30
52
58
64
96
84
54
19
84
96
75
12
33
84
68
92
84
67
57
5
57
20
51
12
92
71
62
20
12
47
5
34
92
88
9
4
37
67
39
39
30
85
71
77
84
88
52
55
4
5
27
12
85
85
52
85
51
72
28
88
50
58
77
62
84
9
22
34
22
77
28
67
64
54
37
68
92
96
20
85
98
68
41
72
49
88
58
32
4
12
9
27
12
19
8
32
69
41
57
22
3
85
68
12
57
67
98
92
72
19
5
72
75
8
45
71
8
52
10
22
89
50
9
12
67
3
49
30
12
5
45
51
37
57
19
50
25
71
22
49
5
43
30
92
34
96
89
29
47
98
28
47
39
55
47
32
77
22
62
34
71
5
34
52
30
77
10
64
47
71
12
74
52
41
25
55
34
54
57
45
8
74
29
5
25
54
33
62
19
8
89
84
5
84
34
88
12
4
22
34
96
33
22
22
98
22
58
41
50
19
64
29
62
10
39
47
28
74
5
32
20
57
22
45
37
12
46
86
69
10
85
25
29
92
88
67
20
28
52
22
28
19
39
84
69
68
32
4
55
71
8
29
25
3
46
3
47
85
3
19
46
28
51
85
68
27
8
50
10
58
45
37
96
69
67
85
32
28
77
3
62
39
89
69
4
4
75
77
67
10
28
72
84
69
74
37
50
92
22
20
57
88
68
29
9
88
64
39
52
29
69
84
64
98
85
92
98
5
19
22
29
68
52
4
8
58
33
34
41
34
51
92
12
57
88
49
28
32
12
72
62
28
64
51
28
64
37
8
62
37
39
37
47
28
98
74
32
92
9
8
98
92
84
89
46
22
64
5
67
34
5
62
55
86
34
39
55
74
84
75
28
96
3
30
10
98
71
49
47
54
41
71
45
55
19
45
3
30
49
4
20
28
22
33
33
84
62
77
20
69
30
41
33
5
28
5
68
30
84
9
20
27
96
54
57
75
74
92
12
75
77
55
77
12
33
28
72
92
32
50
19
12
3
86
3
25
39
86
19
45
98
75
88
71
74
98
84
67
37
37
9
75
41
84
37
57
28
84
12
86
58
45
57
71
33
10
74
85
55
30
29
25
89
92
39
49
28
9
51
20
54
85
41
64
84
45
54
33
77
19
74
75
98
30
52
37
33
47
39
62
85
67
49
19
71
4
74
3
33
20
46
67
22
33
67
52
32
96
9
19
55
3
29
28
33
58
20
68
62
75
41
86
20
68
19
22
52
12
