10
90
50.0
67
68
55
74
89
19
37
22
85
33
41
20
85
23
4
3
49
14
69
18
25
70
25
8
12
22
71
9
44
28
58
60
51
54
25
50
83
85
31
52
7
65
63
0
47
67
13
45
18
88
27
6
9
14
62
77
57
77
46
70
22
38
42
48
79
62
18
87
61
89
17
14
63
88
85
89
20
82
64
70
11
30
59
53
26
41
50
42
85
1
41
50
52
80
52
75
66
20
15
10
36
86
25
60
61
64
46
26
76
5
77
50
39
31
73
16
22
24
84
20
88
40
14
53
76
46
29
6
76
73
21
73
88
85
20
22
63
64
60
41
42
48
17
30
83
29
63
8
46
6
77
63
73
17
30
72
85
56
62
77
64
64
50
32
20
32
61
76
14
18
42
61
56
30
23
30
73
46
70
32
60
41
17
70
34
70
21
60
31
18
14
78
87
40
18
60
25
61
20
45
8
29
52
67
83
9
18
89
89
6
73
26
67
41
9
6
25
61
15
8
64
32
63
60
85
88
43
67
21
6
40
50
53
87
85
62
88
60
2
30
77
87
42
18
73
85
29
73
73
29
29
62
30
32
76
42
70
48
41
23
77
15
17
43
48
63
35
8
9
25
22
9
25
14
50
18
15
8
35
52
63
40
23
62
6
18
41
50
31
63
41
46
31
64
88
18
50
35
17
29
35
41
9
40
31
30
26
29
85
6
20
89
62
32
30
67
31
76
87
83
23
14
22
8
77
61
81
60
31
52
8
41
31
62
56
15
15
42
56
83
64
9
29
31
46
35
41
45
62
76
9
52
53
48
48
53
9
70
62
21
85
53
53
23
50
41
15
40
42
18
56
40
46
53
7
60
15
18
88
62
22
14
62
42
70
45
76
53
70
62
20
40
76
14
63
22
83
87
41
50
20
30
60
61
64
61
70
23
46
77
6
18
42
31
17
26
32
40
42
50
41
23
60
7
73
6
30
70
73
23
26
83
20
6
70
40
70
9
7
85
63
83
50
89
6
26
77
26
50
31
29
63
53
17
73
32
32
73
8
35
87
61
40
89
89
35
31
45
48
46
25
62
53
18
42
62
52
70
70
41
26
32
20
85
61
70
7
29
56
43
73
40
64
41
61
89
43
64
6
30
42
56
17
8
40
21
29
26
31
25
22
35
85
23
46
32
30
32
48
26
30
20
85
63
26
21
62
89
60
6
22
14
87
50
23
14
30
46
60
88
29
42
56
67
63
32
35
77
7
17
67
8
70
53
61
62
53
25
30
76
76
31
41
64
9
6
76
31
25
46
9
30
56
77
8
46
63
73
83
73
64
43
52
8
45
21
85
88
46
61
77
67
23
67
32
64
50
62
8
35
73
40
9
23
63
52
45
6
83
8
46
35
9
41
9
67
46
70
30
17
42
53
9
89
15
26
53
15
63
14
23
70
50
53
56
17
77
77
48
73
8
6
62
77
52
9
67
85
23
46
17
76
41
26
56
8
21
6
9
61
46
15
77
63
77
56
62
6
73
14
43
20
76
15
21
76
21
42
61
43
70
77
42
62
31
61
50
35
22
17
32
70
70
7
35
48
87
63
70
45
21
62
35
35
87
18
41
63
76
17
43
88
17
31
87
9
9
29
42
67
83
73
77
89
7
77
21
23
53
41
56
63
41
22
7
6
29
73
73
32
17
22
88
73
63
31
8
7
56
60
48
17
45
63
8
18
18
8
35
18
7
64
63
14
50
22
22
23
35
85
41
64
62
50
77
29
20
83
25
45
73
70
60
32
83
61
52
7
45
64
53
17
43
30
8
23
40
77
22
52
89
85
31
9
73
21
31
20
18
53
60
9
48
63
56
64
25
20
30
88
15
43
29
20
29
60
87
18
50
31
17
25
21
60
63
21
40
70
53
83
56
7
85
77
14
61
46
20
73
53
17
7
35
9
17
31
8
60
50
76
67
60
15
25
43
53
88
18
46
40
60
64
9
20
9
52
6
56
60
63
63
43
88
29
32
45
60
15
50
15
53
22
29
50
62
53
85
41
89
77
30
85
85
56
67
7
8
31
42
85
85
18
6
45
87
41
70
18
21
30
20
61
60
73
17
40
15
43
15
40
6
83
25
40
85
20
85
45
31
63
18
9
60
26
60
8
41
6
26
31
67
61
60
9
64
31
42
50
14
17
60
15
53
56
53
21
76
40
18
14
83
45
9
41
87
7
25
30
43
45
18
50
14
70
89
26
15
53
30
76
9
50
45
83
46
76
22
77
21
8
