10
57
50.0
34
27
21
44
49
37
20
49
8
7
12
44
20
41
48
51
42
39
56
12
52
53
3
12
56
15
17
44
22
48
50
12
25
47
54
46
40
44
13
38
29
19
5
24
50
18
29
46
15
6
0
18
14
12
25
4
12
17
12
38
51
16
19
56
43
32
30
36
26
51
45
30
38
56
4
33
35
38
15
19
29
26
31
42
20
10
30
51
10
20
46
30
10
25
30
24
46
19
42
48
24
48
48
26
25
28
48
35
55
38
33
24
30
48
19
30
10
10
48
20
20
26
18
25
10
35
18
4
1
15
20
54
9
55
30
1
24
48
26
12
1
18
19
23
55
10
11
44
55
55
44
42
33
25
38
51
24
4
15
15
2
25
4
44
2
33
28
46
49
56
1
12
10
10
26
19
17
38
30
24
25
25
29
42
33
46
30
17
56
51
10
38
17
19
15
17
1
56
29
10
1
10
35
48
38
10
35
54
44
4
46
10
50
15
35
18
49
56
30
2
28
48
19
56
2
20
35
54
46
50
48
26
50
42
42
38
26
55
30
48
1
51
24
35
4
20
42
49
17
44
44
25
49
15
4
30
42
10
29
38
54
4
48
54
12
35
30
30
33
4
33
10
19
17
26
42
49
51
54
4
44
44
55
56
51
35
38
1
24
29
19
26
44
4
19
51
18
28
24
10
30
25
48
29
28
10
49
24
51
50
19
35
4
12
38
46
49
4
15
38
42
49
33
18
29
51
1
18
42
10
18
12
4
10
2
12
2
54
44
48
17
49
38
17
19
49
12
54
42
29
54
44
1
20
19
10
24
25
10
44
46
19
17
20
44
25
48
2
49
15
28
46
1
46
51
24
55
35
18
20
18
24
49
25
2
44
15
29
55
17
26
28
49
24
42
55
51
42
10
28
30
51
56
20
10
55
17
46
44
1
4
46
19
1
1
55
46
17
54
38
35
49
48
2
55
25
54
28
1
19
33
19
46
15
18
29
38
50
20
10
12
55
49
10
46
28
49
26
1
25
24
44
46
50
26
49
10
26
35
1
46
54
33
33
42
19
2
10
30
42
49
49
10
35
26
56
29
51
30
24
1
30
2
50
56
55
49
48
24
30
2
24
46
18
28
15
17
56
28
38
54
25
44
30
44
48
17
24
56
55
15
29
33
2
24
56
30
2
33
48
10
24
28
12
49
49
18
28
15
48
10
55
15
46
48
35
25
20
54
26
29
38
35
51
15
2
25
28
54
50
20
30
15
18
49
56
20
46
17
49
25
46
19
33
17
49
20
38
51
54
35
46
28
28
33
55
1
42
2
35
42
2
20
55
38
26
18
1
12
54
26
15
30
26
55
38
38
17
29
18
54
51
28
50
4
54
30
42
50
19
19
46
49
33
10
35
15
49
15
56
49
17
38
35
25
4
26
12
55
55
2
10
51
56
48
35
38
24
55
55
18
12
33
18
49
42
42
33
1
46
25
18
42
42
42
38
51
20
38
49
51
4
26
50
26
26
18
15
51
26
38
38
50
44
17
1
55
29
50
15
50
49
19
20
26
24
20
48
55
4
26
15
1
4
50
17
49
56
24
49
38
55
25
24
33
42
48
17
54
51
42
51
44
29
1
56
28
55
19
56
4
38
46
2
2
38
29
56
1
18
44
55
2
2
55
46
24
44
1
20
30
33
19
42
55
17
56
49
15
33
29
38
2
56
10
51
56
4
46
50
30
15
4
38
46
29
55
18
18
46
15
12
10
24
1
30
49
28
38
4
55
20
4
4
25
29
50
55
4
2
55
48
29
26
49
50
48
19
15
20
44
33
26
15
51
44
26
50
49
28
33
25
1
44
55
2
48
49
2
28
2
26
50
20
19
17
51
1
12
18
24
10
38
55
55
2
2
1
35
48
25
15
2
18
35
50
17
10
10
18
24
51
35
24
12
54
29
46
30
15
12
50
17
49
51
30
44
17
20
28
2
20
18
29
10
51
10
42
12
42
1
33
24
28
15
24
12
49
29
51
15
30
19
15
28
25
35
12
24
55
38
26
46
51
35
18
26
51
51
20
12
1
49
38
18
46
10
56
4
46
17
46
38
51
38
20
17
19
1
46
56
30
4
20
30
20
17
30
46
46
44
18
19
29
25
4
15
20
24
48
55
56
28
18
19
19
46
26
20
26
1
33
33
54
4
25
29
24
50
26
33
33
33
30
28
30
44
10
1
1
20
12
18
20
51
49
38
44
12
17
10
10
20
17
15
44
33
38
12
35
