10
27
50.0
18
12
4
6
11
20
21
4
25
7
1
7
16
5
7
2
9
13
25
13
4
17
14
25
20
15
20
26
8
22
18
19
4
20
6
4
8
24
0
4
7
7
2
2
3
10
5
6
18
8
5
16
11
5
13
25
11
8
16
18
2
2
18
3
16
2
13
4
2
23
7
13
18
4
13
2
6
13
13
2
18
16
7
8
7
6
25
2
8
7
18
10
8
4
8
25
16
7
4
16
25
8
3
6
18
18
10
6
25
4
20
25
8
18
11
6
8
7
13
7
4
7
4
25
7
11
4
13
10
25
13
3
10
6
20
25
18
11
10
20
4
8
2
10
11
25
25
2
3
11
11
25
3
4
16
16
5
10
6
2
7
5
25
4
20
3
4
11
5
5
8
18
16
16
5
10
5
7
13
8
8
13
13
6
7
11
11
5
6
2
6
8
5
10
7
4
8
2
13
5
18
7
5
7
13
5
5
20
2
20
16
6
11
8
7
16
4
8
10
25
3
7
10
16
13
10
25
3
2
7
10
5
25
18
13
13
6
4
6
3
8
8
7
20
7
3
18
5
3
3
4
5
5
13
6
16
18
11
5
11
13
13
4
4
11
13
18
18
20
3
5
11
2
10
20
11
3
16
18
3
4
4
5
20
20
4
8
25
13
6
20
5
3
20
7
25
13
10
13
13
5
20
18
20
10
10
18
11
13
2
8
16
10
7
10
4
16
7
10
8
11
10
18
8
18
10
16
18
7
2
5
20
3
18
5
13
2
16
16
7
6
13
10
10
2
18
5
6
18
7
3
20
7
25
5
2
7
3
8
4
20
11
16
20
2
25
8
10
3
13
7
18
4
6
11
5
7
20
13
11
2
3
8
11
6
16
6
16
6
6
11
11
7
8
4
10
4
2
18
2
3
10
10
6
6
20
25
11
7
25
20
8
13
13
25
16
25
20
16
6
16
10
10
13
16
5
7
16
25
16
20
5
2
13
8
7
7
5
5
2
8
3
18
20
18
7
6
20
8
4
13
3
16
18
11
16
7
8
8
11
2
25
8
13
8
8
13
6
18
11
7
20
6
16
8
5
6
18
13
6
6
4
3
20
16
25
25
13
13
25
5
11
7
20
18
10
2
16
25
10
25
11
25
18
7
7
4
6
16
16
8
13
7
25
2
18
25
16
7
18
6
7
18
13
25
25
3
10
18
10
11
8
25
2
6
25
3
5
7
20
2
5
13
2
20
3
7
7
8
13
11
3
7
20
2
2
7
7
20
20
3
2
16
13
16
2
16
4
3
3
3
8
5
18
10
11
7
3
5
2
16
16
13
13
6
16
4
10
3
20
3
25
10
3
18
10
6
7
11
25
18
5
6
13
18
8
16
11
5
6
20
2
25
4
4
20
5
5
4
11
18
10
11
11
16
6
7
7
3
11
10
7
10
2
6
18
7
25
3
20
3
4
7
18
25
2
4
25
4
16
5
2
13
13
8
6
10
18
11
3
16
16
3
3
2
16
16
6
3
6
6
6
2
16
16
10
16
25
7
11
10
13
16
3
16
25
8
5
20
20
13
2
25
4
5
8
13
7
16
25
2
8
25
4
2
13
13
18
5
7
11
5
6
11
5
20
2
18
8
10
25
4
2
10
20
8
2
5
3
10
25
3
6
16
25
6
4
8
8
13
11
5
7
4
3
2
11
16
11
13
20
13
7
20
18
25
3
6
18
7
5
6
2
18
10
6
13
20
5
7
10
18
7
6
2
3
11
5
13
5
10
13
2
16
5
5
3
3
10
8
10
6
13
3
6
4
3
18
8
18
10
10
8
13
16
2
8
4
10
5
25
8
11
20
2
11
10
18
25
3
8
2
8
5
8
7
6
2
20
3
4
4
11
2
11
6
20
5
25
6
4
2
3
18
8
2
8
7
3
3
7
6
6
2
18
7
20
25
2
2
18
3
16
3
2
25
4
16
3
6
20
10
7
13
16
20
16
3
2
8
10
3
18
8
18
7
4
13
18
4
6
20
16
4
8
10
2
20
8
4
11
3
18
5
3
2
25
8
8
11
6
4
25
3
7
4
10
20
20
6
6
16
20
13
11
7
25
4
3
6
5
5
11
4
10
2
6
18
13
7
5
7
11
10
10
3
20
25
3
4
20
5
13
2
7
18
11
6
6
25
10
20
11
25
10
3
13
3
4
20
8
20
3
2
16
2
4
20
16
7
18
6
10
5
7
11
4
11
20
25
4
4
13
2
4
25
16
5
25
13
