10
61
50.0
50
2
50
30
46
28
52
26
17
20
53
54
42
29
21
48
7
45
1
22
43
5
19
16
3
38
5
33
35
13
11
49
23
56
1
59
4
29
57
27
29
60
25
35
34
33
1
24
36
58
25
5
1
33
5
33
54
1
14
58
16
16
25
18
41
0
43
55
24
24
6
16
37
16
10
55
6
4
8
13
35
40
31
32
40
15
32
47
9
4
6
16
23
33
23
40
18
50
50
27
55
50
24
59
50
12
1
6
58
29
13
16
43
29
54
25
59
59
29
9
5
2
5
1
32
1
16
36
23
47
32
44
4
14
47
27
47
2
27
25
5
54
4
25
6
18
39
35
13
24
43
47
13
25
9
29
25
1
5
43
2
50
29
12
4
33
40
54
25
25
58
54
35
33
59
50
51
55
12
59
5
2
25
32
2
2
24
2
25
1
36
29
2
59
35
16
50
18
36
55
24
55
51
47
36
32
2
39
5
33
33
47
25
27
44
16
39
44
5
32
13
18
14
58
54
16
27
51
59
51
36
2
27
27
23
5
13
4
54
2
23
2
23
35
40
33
27
33
32
9
5
50
18
50
59
6
50
1
44
24
2
6
27
59
29
27
16
9
36
59
29
32
54
4
35
59
36
47
18
51
23
39
29
32
25
13
33
6
6
58
6
55
5
29
47
32
51
59
40
4
29
58
5
9
35
33
29
40
50
9
12
35
47
13
40
14
40
33
39
2
59
25
40
55
12
51
12
2
27
14
23
58
9
43
36
5
2
6
59
51
18
13
54
58
43
24
55
40
36
44
24
44
40
12
1
9
55
51
55
47
43
40
14
6
16
16
12
24
44
33
51
40
33
54
25
51
27
29
32
5
36
50
27
1
32
47
4
40
47
25
40
12
40
24
51
6
2
44
4
40
4
59
18
29
6
39
43
18
4
14
4
9
25
23
27
4
29
6
6
25
6
50
40
14
43
1
59
36
23
47
55
55
50
25
50
27
35
47
14
35
54
35
9
43
35
4
32
2
47
33
51
47
32
24
47
13
14
35
43
40
4
47
59
40
36
47
18
36
14
35
40
1
36
29
2
6
2
55
43
40
14
54
12
25
1
14
25
6
1
59
23
32
6
58
29
36
55
43
24
1
2
40
36
5
18
58
23
59
35
6
27
9
18
58
47
25
44
25
55
47
47
23
43
36
4
24
24
14
9
43
50
23
40
50
27
35
5
2
4
14
33
50
24
24
59
23
2
23
58
59
24
13
13
29
35
54
55
23
5
43
54
35
58
35
14
51
58
35
59
43
18
33
35
16
44
16
12
1
35
47
23
59
12
13
51
18
59
58
29
39
44
59
23
36
23
32
59
33
44
29
51
47
18
27
2
36
50
54
51
32
9
25
14
12
1
16
47
16
6
16
4
1
32
27
50
59
36
54
58
29
1
54
50
32
9
55
25
13
18
18
18
14
18
50
6
13
12
29
55
16
25
1
33
44
55
13
13
23
1
6
24
58
25
14
1
29
12
44
16
35
33
9
24
2
25
24
14
16
47
5
47
39
50
24
36
58
59
4
5
13
9
43
47
33
32
50
54
23
47
27
18
39
36
39
18
44
6
33
23
25
6
9
24
16
13
51
47
51
39
18
47
59
25
12
1
50
36
24
33
9
59
23
32
5
33
9
32
39
51
59
4
9
40
14
6
9
47
6
12
58
23
35
59
2
1
36
9
4
43
51
44
6
14
5
32
25
9
23
12
12
29
9
24
4
5
4
51
58
16
36
2
1
36
51
50
35
6
14
35
4
33
1
24
27
58
6
54
9
58
5
2
47
9
54
24
6
59
23
35
54
50
51
47
2
39
29
27
24
55
44
51
24
35
24
18
2
43
51
59
24
32
6
6
4
9
54
35
36
39
27
4
27
43
39
40
27
59
16
35
55
54
43
32
14
33
6
29
55
51
59
1
55
16
51
1
9
2
44
33
23
50
43
54
23
39
24
51
54
54
32
6
39
24
5
54
23
40
5
40
39
39
1
51
36
5
14
4
59
4
50
27
51
47
27
47
36
47
24
14
5
40
59
44
6
1
25
54
29
33
27
13
58
54
27
5
14
35
16
44
12
39
4
55
12
58
9
14
14
25
16
47
33
24
55
18
4
6
55
2
29
6
25
12
36
55
40
47
5
23
27
24
39
32
51
44
13
51
25
39
35
32
6
59
24
47
18
24
50
32
50
50
51
33
2
51
32
55
32
27
40
18
51
35
58
23
14
25
36
29
47
