10
48
50.0
42
45
47
26
20
7
38
12
10
45
46
47
7
14
35
45
23
29
0
17
40
1
1
16
1
28
11
15
3
22
36
34
26
23
6
9
30
27
5
7
4
13
37
19
21
46
29
4
33
44
22
41
22
25
1
3
39
5
46
46
5
41
46
30
7
29
9
4
22
37
2
9
23
43
46
45
32
4
47
9
3
18
39
37
8
46
37
39
37
9
22
25
32
39
29
1
13
3
47
26
7
39
29
7
13
39
22
25
25
2
29
4
1
1
7
47
31
25
26
4
2
32
9
37
45
30
37
41
39
47
24
30
37
26
24
23
4
2
29
26
1
30
33
5
37
13
5
24
37
5
30
24
25
46
25
29
41
39
9
20
39
47
29
20
1
25
30
4
9
5
1
26
3
4
33
2
22
39
4
1
45
29
47
33
26
22
39
13
45
9
29
7
41
1
41
33
41
32
22
2
5
30
45
46
45
46
32
39
45
9
1
7
47
29
1
7
24
23
45
22
5
2
9
26
1
30
24
1
39
9
7
45
33
5
24
7
2
22
3
1
4
2
5
33
45
9
24
13
20
33
9
25
22
24
9
33
25
7
2
26
4
22
46
13
22
47
9
20
29
39
46
13
25
26
13
3
5
24
5
1
33
20
47
39
30
9
1
25
41
9
1
5
4
22
37
30
29
9
47
29
37
33
37
39
26
33
47
20
22
46
37
39
46
46
20
22
33
13
5
47
4
13
25
33
24
25
30
13
1
1
32
33
1
23
20
30
30
4
26
41
1
22
20
47
20
32
29
29
1
7
29
39
33
30
5
23
47
24
29
13
24
13
39
4
9
9
7
5
25
26
45
5
23
41
41
25
9
46
26
20
47
2
4
4
46
7
24
41
5
45
30
37
20
23
33
45
30
25
30
32
41
24
5
29
20
4
4
20
46
3
2
32
13
24
26
13
26
13
24
13
9
9
37
24
22
41
29
41
46
4
24
32
39
23
20
39
20
7
46
9
22
7
5
13
22
32
26
24
25
41
24
7
37
22
20
39
32
41
33
33
23
2
24
29
29
1
20
9
1
41
7
9
41
41
9
24
37
39
26
25
20
37
45
5
26
7
32
46
47
45
23
29
2
41
4
25
7
37
46
47
26
2
13
5
46
3
23
29
13
22
32
24
24
5
4
5
1
3
4
45
13
46
33
33
33
39
47
33
3
13
26
22
46
25
7
47
5
7
25
4
25
26
9
29
9
47
32
46
45
20
4
1
26
20
22
32
7
46
30
4
13
1
20
30
24
20
29
5
45
25
7
41
20
45
4
26
1
7
41
5
46
22
32
29
24
46
46
47
13
39
41
1
37
3
23
32
2
37
41
25
23
39
29
29
20
25
41
46
25
2
22
33
32
5
22
37
32
23
4
29
7
1
13
22
22
24
45
13
32
33
24
29
22
30
24
25
23
32
3
26
24
47
37
46
23
30
5
33
29
1
23
7
7
32
1
4
39
26
20
41
9
20
39
7
20
3
9
46
13
3
25
29
29
7
46
39
22
3
5
26
2
33
45
7
39
22
22
47
22
1
20
4
2
1
39
29
20
4
47
20
37
29
22
13
24
7
4
4
39
45
9
1
13
29
1
5
46
5
24
5
39
47
4
39
33
5
33
9
1
3
23
25
3
5
37
37
1
37
30
22
7
30
45
29
30
3
3
30
9
22
26
46
45
32
25
46
24
20
25
13
9
32
46
26
39
20
47
2
9
41
47
29
37
47
26
39
9
9
4
41
26
24
45
37
13
9
3
47
7
20
29
22
24
3
47
39
41
13
4
25
9
2
29
1
3
33
47
1
24
9
39
24
22
23
33
47
39
3
33
3
23
23
25
9
30
33
29
30
2
45
13
45
47
5
41
41
41
45
37
25
25
47
26
41
25
3
7
46
29
29
5
45
2
7
33
33
47
47
13
2
45
13
1
9
22
45
13
23
20
29
25
5
24
39
1
45
37
32
2
13
32
4
1
25
20
32
32
2
24
13
30
25
3
32
46
13
2
39
22
25
23
3
22
41
20
23
7
5
47
39
1
7
22
26
23
29
23
45
39
39
9
3
13
41
13
24
37
45
20
32
47
29
30
39
30
9
2
22
13
37
7
47
39
7
30
3
26
20
46
30
37
22
20
3
30
30
1
3
47
37
46
26
23
26
20
39
9
30
41
13
22
46
37
26
20
30
46
2
13
37
46
24
25
41
45
2
23
22
39
3
32
39
41
4
4
41
20
3
9
30
