10
54
50.0
25
8
22
4
43
26
46
30
42
49
33
34
11
40
47
0
53
47
15
39
1
27
36
14
41
17
45
8
18
31
20
48
35
5
8
12
0
51
35
23
1
7
15
16
29
42
47
49
51
11
19
34
15
3
24
35
49
52
31
50
31
42
1
42
31
13
34
20
0
21
15
34
1
44
35
20
10
24
6
42
51
2
3
11
32
42
9
38
10
42
10
52
28
8
37
35
42
51
0
47
7
35
39
7
39
34
52
1
11
3
39
13
24
47
21
31
11
50
8
34
20
0
0
24
50
0
47
24
3
10
8
34
0
28
28
24
48
3
52
49
10
16
34
36
11
0
16
24
36
39
31
49
39
21
15
28
42
36
7
28
35
28
8
21
0
7
28
0
42
48
34
0
51
39
34
31
21
48
20
36
39
5
15
49
0
50
15
49
16
11
34
28
52
1
48
0
36
11
39
16
36
10
49
5
51
11
48
20
48
52
31
42
11
36
35
7
13
7
51
3
35
47
7
47
49
21
3
8
50
52
0
5
21
16
36
10
10
10
47
8
20
48
52
20
36
15
5
47
21
51
42
51
36
11
3
50
35
42
35
52
39
10
10
3
42
42
0
39
52
11
34
34
0
16
21
21
5
34
31
8
49
39
39
48
31
24
47
20
0
49
10
35
39
48
39
16
42
42
13
28
51
13
35
20
8
11
7
10
35
16
7
51
13
1
7
42
7
0
15
47
7
3
15
20
42
36
3
5
48
10
5
24
0
49
28
16
51
28
28
34
31
35
16
3
36
51
52
34
15
34
15
20
24
47
1
0
52
28
47
20
39
10
15
11
28
11
20
20
52
34
7
7
52
49
24
10
16
35
11
13
5
8
20
28
31
8
1
15
51
50
3
48
50
5
5
7
15
47
5
52
5
35
13
50
13
8
10
3
31
31
21
5
20
39
21
47
0
11
24
15
49
0
36
31
42
11
24
48
5
49
39
24
50
28
49
5
28
52
8
11
36
39
47
52
28
39
47
47
3
39
39
47
39
16
7
16
3
49
8
47
20
31
10
8
52
39
36
16
28
0
20
42
36
52
15
49
35
39
15
24
5
0
24
0
15
52
51
5
35
42
1
0
52
35
28
47
28
47
48
21
8
15
49
28
5
16
48
48
5
1
42
28
28
50
31
15
34
1
42
16
13
8
0
15
20
28
7
7
11
34
48
42
28
11
47
3
1
36
28
50
16
5
13
48
50
5
50
52
47
0
39
13
42
50
28
51
10
42
10
51
21
20
15
49
8
20
47
10
42
42
8
39
48
20
50
49
52
21
31
11
52
50
13
24
16
51
39
8
11
39
42
7
5
24
24
42
13
42
49
16
49
49
21
39
50
20
3
1
51
51
21
47
51
28
0
24
1
24
48
15
7
7
8
10
15
13
16
21
35
35
13
48
35
11
7
11
13
52
31
28
47
48
47
5
51
5
15
21
42
7
11
35
5
31
8
52
48
15
21
28
20
13
47
28
52
3
3
50
24
31
15
24
47
36
0
5
13
39
51
39
8
39
39
39
0
31
36
51
21
20
39
51
10
11
50
7
0
20
15
42
10
52
5
52
11
11
42
24
48
5
42
7
5
31
10
21
50
3
8
50
8
39
11
35
3
5
39
28
42
1
48
50
39
42
31
24
42
24
5
20
39
28
48
35
28
16
0
21
13
39
16
10
0
0
42
24
24
52
34
11
0
5
3
20
21
34
47
11
48
21
50
47
21
15
20
5
35
34
49
31
5
0
20
21
21
48
28
5
15
48
21
8
49
11
49
13
51
42
11
16
8
36
42
16
1
8
51
48
20
1
15
48
8
36
34
52
16
49
11
5
7
48
52
10
48
8
20
39
10
24
11
1
0
49
31
20
3
47
1
42
3
3
24
0
8
16
20
1
20
28
21
34
3
52
28
3
15
21
42
48
11
34
51
21
8
13
13
31
49
49
16
21
21
39
35
39
3
50
49
39
20
16
52
52
24
7
0
5
10
48
47
48
42
51
7
48
50
51
0
47
8
15
34
51
8
47
34
11
20
20
52
47
49
1
7
36
20
42
31
52
10
42
51
3
24
39
36
24
3
16
15
39
21
36
13
31
24
21
3
35
13
13
31
39
8
47
11
51
49
1
11
20
8
34
7
42
52
49
35
21
34
21
21
5
5
39
5
49
15
35
47
50
20
49
16
52
34
28
51
10
5
24
20
36
39
0
15
11
21
49
50
49
49
48
7
20
1
7
16
51
