10
19
50.0
0
18
15
5
18
1
18
3
12
11
16
9
8
18
2
0
7
14
0
6
12
4
3
6
8
9
12
17
9
10
6
2
15
15
0
12
0
8
18
9
9
13
15
18
7
6
6
18
6
9
7
2
18
0
6
3
3
7
3
12
15
2
12
15
9
6
18
7
6
9
7
7
0
0
18
9
6
6
15
3
18
8
18
2
2
15
8
8
3
9
7
9
8
7
6
2
18
0
18
15
18
15
0
7
9
12
2
2
8
18
8
9
7
2
15
18
7
6
7
6
18
9
9
8
3
3
0
3
8
3
12
2
8
8
0
15
15
12
9
0
6
18
18
6
9
15
15
15
15
8
15
9
12
15
15
15
18
3
8
6
15
0
6
3
9
8
3
6
15
8
2
0
7
8
8
8
3
3
18
2
9
12
18
6
7
7
15
2
2
7
7
15
6
18
2
12
6
12
3
9
9
15
0
6
0
2
15
12
8
9
8
6
9
18
12
8
15
6
0
8
3
3
6
3
15
12
6
12
12
0
7
8
8
3
2
6
18
12
0
8
3
7
0
7
8
15
3
9
6
0
15
0
0
18
6
2
8
3
12
12
6
0
9
12
15
15
6
8
15
18
18
15
2
6
9
15
7
2
3
8
15
6
9
12
12
15
15
7
18
2
7
7
12
7
3
2
6
9
15
15
18
0
18
18
18
0
9
12
18
3
0
9
15
0
8
9
18
12
15
0
2
15
12
6
8
0
6
12
0
15
8
3
9
0
12
3
12
2
8
6
12
7
6
7
0
12
15
7
2
3
3
2
3
18
6
3
2
6
6
9
8
12
15
15
0
15
15
2
9
2
6
9
6
15
18
12
6
0
2
8
6
2
9
9
0
18
18
2
18
12
12
7
0
0
6
9
0
18
2
0
7
8
0
7
0
3
8
6
0
15
7
8
0
15
2
2
12
7
7
8
3
9
2
15
7
8
18
15
8
15
18
15
7
0
12
6
2
15
6
2
18
18
2
15
7
9
0
0
9
12
2
8
12
12
7
0
3
0
6
9
8
12
2
9
15
7
8
6
12
3
0
18
12
7
0
0
12
6
3
18
9
2
3
3
2
3
15
8
0
6
8
8
8
3
2
0
7
0
6
7
6
15
0
6
2
12
15
9
7
18
18
3
7
9
9
2
8
15
12
12
0
6
2
0
18
12
12
15
7
12
2
8
12
15
0
6
3
18
3
3
2
2
12
8
9
12
6
9
12
6
18
2
8
7
0
6
6
0
2
3
8
0
0
2
18
18
12
15
12
2
6
7
18
2
6
18
0
8
12
6
12
0
0
0
0
2
18
7
3
7
9
2
2
8
2
6
15
8
8
3
7
2
6
8
7
2
18
2
6
0
3
9
3
9
2
8
7
12
7
0
7
0
18
0
18
2
8
12
2
18
2
0
0
9
7
6
9
0
9
9
6
8
7
7
9
15
7
18
7
6
7
0
18
0
0
6
12
8
12
9
12
7
2
6
2
0
3
9
8
18
3
8
9
3
15
18
0
9
6
7
9
18
7
7
0
15
18
9
6
15
0
7
7
6
2
9
8
9
12
3
0
2
7
2
3
7
3
7
12
3
9
2
9
9
9
0
8
8
0
2
7
2
2
18
12
3
8
2
2
6
8
0
7
9
2
15
15
8
12
12
18
15
0
8
0
18
8
9
8
12
3
18
8
2
3
3
0
15
7
8
15
6
15
3
0
12
8
12
0
0
8
8
15
7
18
12
6
18
9
2
12
9
15
12
3
15
7
3
3
7
9
9
9
0
18
7
9
8
12
6
9
2
6
2
12
0
12
15
6
18
0
0
0
3
15
3
15
2
3
12
9
15
15
9
3
0
6
15
9
7
9
7
2
9
2
3
3
7
6
6
15
9
6
12
3
6
0
6
8
3
7
3
0
0
15
12
6
9
0
9
9
2
15
0
9
9
6
8
0
7
8
6
9
15
2
0
2
8
3
3
18
0
0
8
6
7
2
12
7
9
9
9
0
12
18
12
6
3
0
12
2
3
2
3
7
12
3
6
6
6
6
12
15
15
3
6
0
15
2
2
18
7
18
0
18
7
15
8
18
15
18
7
7
2
6
8
2
0
8
9
18
6
9
3
15
0
9
18
0
9
12
2
12
8
15
9
2
8
7
18
7
2
6
15
7
12
18
2
15
9
7
2
15
2
3
18
0
0
7
9
3
6
12
2
18
12
7
3
18
3
8
8
0
6
3
2
18
2
2
0
