10
102
50.0
78
25
15
44
87
100
4
83
57
88
61
16
92
50
59
95
52
8
37
11
90
98
97
12
29
47
96
14
60
74
57
16
58
39
78
46
82
51
43
84
90
24
76
67
31
11
56
36
12
74
28
24
75
23
6
30
61
12
2
59
53
22
18
28
40
84
39
65
78
93
85
50
41
61
8
80
86
35
81
82
75
33
38
86
3
27
86
75
86
59
94
88
38
10
19
1
32
38
70
76
53
21
66
69
82
40
73
101
77
7
96
9
61
62
51
68
26
40
29
0
78
46
62
64
70
59
29
42
99
17
27
54
38
62
45
63
74
24
40
27
65
71
78
28
52
55
46
70
34
96
52
48
50
99
91
53
24
11
87
51
11
34
20
72
81
27
81
57
68
48
5
36
29
74
68
79
29
74
38
11
64
36
99
38
88
62
27
40
50
61
72
68
23
70
7
84
29
90
26
39
38
53
76
61
84
99
8
87
16
90
76
23
84
28
88
65
46
27
40
57
39
78
82
52
77
11
8
63
72
86
70
68
40
38
53
5
81
82
77
50
40
24
76
84
8
77
1
89
86
78
46
51
86
79
88
39
65
52
76
7
24
70
29
28
59
12
38
36
23
62
24
26
28
77
49
86
90
16
5
7
34
53
61
28
28
61
24
76
76
40
50
70
5
99
24
11
40
53
79
61
53
34
76
86
88
38
68
76
74
61
53
96
59
1
75
51
64
68
75
11
52
62
61
76
39
72
39
84
64
74
59
61
48
72
7
8
68
39
84
1
82
64
24
77
78
87
7
63
49
38
75
57
68
81
53
40
23
90
70
28
11
34
86
72
7
84
11
87
72
87
11
51
36
23
64
24
1
81
99
51
34
68
72
96
68
24
36
68
84
68
72
90
40
74
27
49
46
48
27
7
29
28
65
49
13
63
36
62
16
49
62
78
99
7
38
13
62
99
28
26
57
87
1
70
11
99
68
62
38
72
29
51
51
49
52
65
36
82
90
72
11
48
11
23
79
76
24
90
8
99
12
16
46
79
62
82
7
51
12
84
53
27
74
96
61
39
62
63
79
68
13
50
75
68
49
86
70
63
79
52
81
39
76
78
13
7
70
5
84
27
49
61
28
77
48
46
70
88
11
72
79
11
75
34
77
86
46
49
75
28
59
50
99
64
29
78
34
59
26
99
63
26
74
50
28
82
90
81
61
90
36
64
36
59
36
74
53
50
48
40
57
34
82
65
8
23
84
74
16
79
24
88
64
75
29
99
61
84
76
34
84
84
76
59
23
34
51
70
88
34
64
49
29
34
77
39
51
23
82
27
52
77
24
78
78
16
62
90
99
59
39
48
26
12
65
96
65
11
74
27
77
62
57
53
77
86
68
68
70
90
46
59
70
53
34
74
49
38
28
52
16
86
27
87
38
52
59
13
65
88
49
51
46
62
26
29
40
48
50
48
90
1
61
40
65
46
48
13
64
79
36
82
50
78
87
49
64
75
26
62
46
78
34
63
64
57
57
72
81
64
49
79
40
74
79
16
13
46
27
29
5
36
68
68
65
96
96
75
59
61
68
78
34
24
5
38
76
39
82
84
52
63
49
63
8
57
79
51
7
86
13
86
78
90
87
49
12
8
59
74
77
57
46
84
64
84
72
68
81
72
39
53
61
40
81
70
57
84
90
79
52
75
74
88
36
81
48
79
29
11
38
12
8
62
39
72
29
64
76
72
13
72
96
82
1
49
49
77
86
75
64
90
23
29
51
63
64
46
88
38
59
8
23
59
68
34
5
87
11
51
27
38
49
11
12
5
64
36
12
87
49
74
50
90
8
61
39
13
27
24
5
79
59
63
24
13
75
11
51
53
5
78
78
7
27
24
39
79
53
87
28
36
63
24
59
64
84
96
81
65
70
1
84
75
99
61
77
39
90
96
82
26
48
23
34
26
62
12
81
75
23
88
87
62
46
13
61
75
75
74
77
77
52
88
87
87
96
75
84
59
65
86
53
13
86
81
74
27
96
50
7
74
77
36
79
12
26
79
70
11
79
84
62
12
1
78
52
39
52
36
52
74
86
49
28
23
77
26
38
39
5
23
46
8
75
39
23
87
48
40
16
7
36
24
51
62
49
36
75
87
29
90
90
46
53
40
36
76
39
96
82
39
57
65
68
78
29
65
53
46
81
68
82
88
12
78
39
5
59
61
57
96
78
53
62
24
62
52
12
24
40
62
36
79
8
77
16
96
46
23
36
86
52
84
51
75
1
61
79
34
