56
100
50.0
40
91
85
4
47
75
53
69
7
46
6
64
53
0
83
44
25
88
43
54
13
95
24
19
98
8
33
95
11
56
80
45
97
97
47
86
96
31
51
41
53
29
45
36
39
77
53
83
95
26
27
18
39
58
49
22
73
35
47
52
9
52
12
93
97
0
26
57
99
39
30
8
16
44
97
75
70
61
23
78
39
21
16
7
61
32
89
41
67
5
95
5
39
82
0
72
5
61
90
58
20
59
53
79
46
51
83
52
65
56
3
50
97
71
61
47
60
14
58
51
88
83
50
92
95
45
2
28
39
0
51
37
26
5
49
41
96
81
2
34
1
66
1
68
39
26
68
1
29
55
48
47
56
15
3
50
76
52
39
42
3
44
12
8
22
12
46
5
12
4
41
56
0
23
84
46
4
46
68
38
8
47
45
18
49
17
74
23
65
90
0
60
75
34
83
56
63
1
44
14
76
62
95
74
29
42
60
42
0
7
60
14
82
96
4
82
76
92
34
47
58
75
7
87
22
4
5
49
51
39
3
16
7
1
14
52
16
1
46
51
44
51
10
65
90
87
3
3
16
16
47
45
16
42
13
90
84
47
2
8
51
4
47
16
13
34
39
1
58
53
90
56
3
56
23
61
49
96
97
0
56
22
46
39
8
13
3
68
44
87
60
65
0
50
52
76
97
83
52
29
45
52
47
1
97
90
39
4
51
0
18
46
94
34
56
12
68
50
5
50
52
52
49
29
44
52
50
50
65
13
51
44
4
90
29
4
39
39
61
65
34
0
22
47
22
29
74
8
45
45
65
7
96
90
87
65
5
95
76
44
26
29
51
41
53
61
83
3
46
34
2
42
83
13
3
13
13
83
49
83
84
16
29
44
87
90
53
50
46
10
74
22
2
12
22
53
50
4
53
47
76
82
16
60
23
96
16
51
14
52
65
53
58
26
58
22
53
7
42
13
65
87
42
13
39
18
51
3
60
53
51
1
92
90
26
76
26
14
39
84
95
22
39
96
92
75
88
44
56
88
75
84
4
23
53
12
7
87
74
16
47
49
29
4
76
92
65
2
14
47
12
1
87
52
84
56
88
46
23
75
87
84
39
47
41
50
92
13
34
68
88
10
18
2
84
41
87
29
82
1
26
2
18
42
95
58
74
3
2
14
75
95
42
23
22
58
29
97
29
84
58
90
0
18
58
60
84
29
96
22
53
45
53
92
68
34
42
90
97
95
8
65
5
68
23
61
96
16
68
18
0
82
8
74
60
45
49
83
60
34
74
16
26
42
22
7
22
52
52
7
90
45
39
2
44
7
4
13
13
51
3
41
10
83
74
82
84
2
1
88
23
45
61
7
82
23
68
74
13
10
41
75
58
13
82
88
58
96
10
26
12
75
92
16
22
4
18
2
83
13
97
14
52
45
7
10
65
87
90
87
95
44
29
4
56
7
56
75
3
82
16
3
47
2
53
1
83
18
14
18
51
84
44
83
46
61
96
90
5
5
75
8
44
1
75
41
76
51
74
61
1
95
75
51
7
49
56
50
47
13
52
96
5
84
34
45
39
56
26
58
84
0
92
4
12
60
34
90
1
3
75
97
3
56
61
42
49
1
26
56
3
82
1
83
14
47
34
8
68
5
82
76
84
90
95
83
74
47
22
56
82
97
65
7
95
18
75
16
44
41
88
49
56
41
92
45
45
3
53
61
95
50
1
53
34
52
0
2
52
68
83
7
56
52
76
16
16
3
60
14
52
45
88
12
41
14
82
23
18
0
42
51
16
23
29
18
10
29
0
68
56
44
12
22
97
45
74
88
13
82
53
68
76
90
76
60
68
2
42
12
97
18
68
4
61
60
26
68
65
82
5
84
52
65
75
74
3
16
46
58
84
26
7
16
39
74
5
26
16
49
76
90
75
18
1
4
45
84
83
12
0
92
42
41
58
84
3
16
4
7
75
18
3
42
4
23
34
46
87
56
87
47
41
53
82
23
5
29
10
0
90
92
10
18
1
7
23
3
42
14
4
7
10
51
76
13
87
1
29
96
74
8
8
34
68
12
7
10
46
97
16
45
22
95
47
84
22
44
90
56
61
14
1
4
16
49
22
82
90
18
52
18
74
13
56
10
7
34
8
39
3
75
74
82
12
7
46
96
44
29
83
0
53
92
23
1
74
8
7
83
4
68
90
29
50
16
60
96
45
41
39
13
41
82
44
50
41
49
22
23
29
5
7
41
41
14
47
76
76
87
14
8
13
12
65
52
10
45
46
92
