65
100
50.0
6
11
45
49
88
90
15
3
9
50
20
91
95
48
86
87
35
89
72
68
59
6
84
32
29
39
45
69
73
80
93
44
83
67
70
49
62
78
74
49
56
29
71
22
98
33
90
43
84
4
81
19
46
28
36
70
79
25
73
6
86
46
63
84
71
46
48
41
9
40
60
60
30
60
23
57
43
60
29
97
75
58
98
48
61
77
84
46
0
53
83
38
2
56
16
76
53
70
19
12
54
24
66
27
9
31
47
69
24
69
31
73
65
71
23
14
99
94
98
23
70
26
83
70
30
50
88
19
26
50
63
54
9
82
42
69
6
14
86
31
36
45
17
93
45
69
70
36
52
29
37
96
49
88
78
21
86
18
85
60
68
52
29
34
42
19
6
32
71
90
9
9
88
96
36
8
60
7
71
53
51
29
24
49
84
1
45
56
27
9
67
14
90
23
21
43
53
78
42
73
96
23
35
35
70
64
49
14
90
46
29
32
68
61
61
36
68
70
9
26
5
55
27
98
6
32
21
46
1
35
6
88
23
24
43
31
54
74
32
61
52
82
27
37
70
32
46
56
69
84
29
23
54
26
67
56
50
31
36
13
24
49
53
48
31
35
42
74
32
29
74
82
35
36
43
23
67
26
50
69
9
19
14
88
78
73
70
86
6
32
14
26
74
30
71
49
9
88
50
53
93
93
70
24
50
74
83
32
83
70
74
10
31
68
78
92
71
83
22
61
22
86
84
23
9
29
23
26
83
88
21
6
19
49
14
42
53
9
30
68
73
52
78
49
70
54
92
82
36
37
73
9
98
54
90
60
71
96
22
60
90
82
56
60
86
98
61
29
49
45
61
88
86
49
53
63
9
74
71
42
67
60
9
54
56
21
69
74
1
54
98
14
48
63
50
48
86
49
14
98
78
22
32
56
92
29
1
48
45
30
82
84
14
46
98
37
86
36
48
1
26
71
83
70
52
14
63
96
21
73
96
56
26
50
83
93
84
27
61
71
14
1
83
22
92
73
84
32
6
29
56
53
26
98
88
31
24
23
82
69
37
69
37
71
29
22
53
53
90
24
68
86
84
26
96
36
52
22
9
37
69
92
86
36
53
63
22
88
82
83
92
83
22
63
42
43
29
93
1
92
29
53
61
60
30
9
53
98
82
70
69
68
42
92
54
52
93
1
49
71
27
6
56
98
43
86
23
45
29
19
36
53
82
23
1
83
50
29
86
83
93
19
26
70
69
50
92
90
54
23
74
50
86
74
88
84
27
56
14
30
82
35
22
70
83
14
29
56
27
50
98
86
30
21
23
37
63
46
86
71
35
63
90
71
6
43
71
48
6
67
19
14
49
50
50
22
82
71
98
86
98
30
98
90
60
46
69
84
74
32
35
53
27
63
69
73
69
78
48
98
96
32
78
63
67
1
26
56
98
36
48
84
9
29
22
14
48
49
60
90
36
24
27
36
73
61
69
78
84
67
50
88
68
68
50
60
73
24
14
26
60
42
32
93
96
14
71
32
60
69
21
60
92
90
23
86
53
96
14
92
50
29
69
19
31
26
78
22
88
67
30
88
36
68
52
63
93
37
29
23
1
14
82
68
35
68
6
23
56
88
49
56
63
32
74
88
93
53
9
84
9
35
71
21
43
48
98
24
98
90
96
21
86
1
83
63
61
83
36
9
19
53
31
26
78
37
45
43
86
23
52
83
9
45
90
45
50
70
22
92
68
98
37
84
1
92
6
71
46
35
27
43
36
70
9
61
86
86
84
93
67
48
46
26
82
90
93
71
14
84
1
35
1
36
68
56
23
27
67
26
22
83
35
98
93
54
68
63
93
14
31
60
86
71
45
35
88
23
14
45
84
60
54
93
86
30
19
53
83
68
63
9
27
14
69
32
53
90
61
71
83
69
73
73
86
30
63
9
48
83
61
48
45
86
54
70
82
83
83
73
70
74
35
96
61
92
14
69
43
9
29
14
45
69
26
14
48
23
23
86
63
78
22
84
61
32
71
14
36
36
45
21
29
92
88
61
67
24
48
52
98
93
90
63
50
23
6
96
1
22
49
96
14
69
6
14
83
61
23
60
23
49
69
14
56
14
84
68
42
31
61
92
92
45
42
88
73
29
86
82
23
9
90
82
78
43
9
90
92
43
9
70
27
6
60
61
73
43
63
93
29
42
14
78
56
93
42
71
6
93
29
27
96
88
98
32
19
31
50
67
24
82
23
69
96
98
29
88
49
36
45
48
96
86
19
78
23
50
52
32
