39
100
50.0
95
88
20
35
80
50
58
12
19
8
99
15
45
56
81
57
60
69
21
77
37
7
69
82
98
82
26
67
8
40
77
39
69
72
95
86
26
61
70
47
79
30
22
44
46
76
19
93
14
69
73
42
13
86
40
86
86
1
67
98
31
86
55
67
18
49
59
71
16
48
68
18
5
97
33
90
40
82
94
86
38
63
38
53
29
8
75
18
17
99
38
72
68
85
10
95
39
67
41
67
40
77
70
87
7
70
96
66
84
51
4
39
34
94
3
69
37
18
65
50
71
3
39
70
22
50
83
98
67
3
6
33
43
27
62
82
7
14
25
23
83
88
68
3
95
32
33
37
88
51
50
77
69
19
99
54
8
12
77
25
37
14
75
94
74
11
40
78
55
19
83
71
72
19
36
37
91
2
38
67
90
72
28
67
39
25
98
33
88
92
0
77
74
98
3
38
77
71
86
37
8
40
19
64
39
10
47
69
38
43
98
99
98
65
25
24
83
74
75
68
74
49
49
40
94
98
10
62
62
72
49
25
88
51
39
40
9
22
40
55
33
3
39
22
5
12
40
25
25
69
12
12
47
0
75
62
95
83
33
24
51
83
51
24
18
83
65
82
32
12
52
75
95
95
67
24
37
43
95
62
71
88
37
49
18
65
37
74
80
94
74
94
8
55
43
28
51
72
92
3
43
69
28
92
49
65
77
89
3
25
3
47
98
7
5
80
5
28
68
40
7
86
7
75
28
49
65
74
70
32
22
50
94
86
0
43
99
26
51
71
82
69
3
71
22
74
99
12
12
92
83
39
28
19
37
83
72
3
24
72
18
98
49
19
62
43
82
40
19
86
55
18
24
47
86
82
67
68
24
33
83
55
68
77
95
39
98
2
10
62
62
75
99
3
62
37
69
62
49
83
74
88
39
70
72
50
50
55
80
10
71
2
75
55
22
0
82
83
98
98
69
40
68
25
75
19
74
40
98
43
72
8
99
37
74
51
43
38
43
50
75
0
25
0
51
82
75
38
82
55
65
86
95
5
49
3
70
86
98
37
18
12
26
71
40
38
94
92
28
25
95
69
51
22
70
12
39
80
83
12
51
75
70
75
40
70
86
77
94
28
98
40
50
51
75
86
39
47
32
32
24
43
8
69
80
65
65
33
26
32
49
8
99
68
8
72
47
25
14
74
51
24
26
74
40
86
5
71
92
86
28
18
94
5
99
38
90
94
86
80
65
94
55
26
98
65
39
55
3
99
47
10
71
47
98
98
51
7
94
2
40
55
95
49
2
68
12
32
50
70
71
70
68
77
28
75
50
12
19
47
47
14
71
14
83
18
71
32
47
86
51
8
62
19
86
7
5
86
33
2
24
82
70
26
65
95
28
74
32
37
37
50
99
39
69
80
71
43
0
68
22
72
65
74
88
37
26
24
83
25
86
38
19
92
24
67
39
49
0
49
95
80
90
94
70
38
67
5
49
82
75
8
72
50
55
80
7
83
10
5
26
86
68
12
95
49
12
75
83
10
5
37
65
51
32
95
77
77
10
51
28
26
83
49
68
62
10
43
67
65
2
10
26
74
33
88
74
95
62
99
71
62
70
10
7
62
88
62
68
74
33
33
38
38
2
68
69
92
74
19
71
77
62
86
3
75
68
67
99
88
47
14
67
38
14
69
18
10
90
38
75
70
7
7
26
49
25
12
10
83
70
94
98
94
86
90
8
43
94
55
8
37
71
8
70
50
8
69
72
72
80
49
43
26
51
10
71
99
51
71
7
24
74
8
83
43
74
72
22
18
62
72
83
55
2
2
2
74
68
12
68
49
55
51
38
88
62
98
83
25
92
39
86
3
47
8
33
37
18
3
39
18
88
37
5
55
74
62
86
19
10
71
8
82
7
26
98
99
98
5
24
3
99
14
98
62
82
90
49
55
77
50
72
28
69
49
3
10
14
71
37
18
92
24
24
67
72
90
14
28
67
71
65
94
8
49
68
5
77
33
33
0
86
14
75
26
95
69
25
65
7
0
68
50
86
65
86
75
49
2
5
88
39
28
83
94
86
8
2
37
33
47
72
69
26
99
37
40
80
77
47
22
51
8
88
32
2
39
75
68
18
40
51
19
55
7
49
90
98
40
80
8
65
32
33
18
18
0
99
74
90
83
24
19
8
69
38
69
26
74
74
62
99
40
62
2
12
10
49
82
77
12
39
8
43
50
99
26
75
98
94
12
22
33
7
83
18
28
62
12
3
94
92
10
55
67
69
95
90
47
