4
100
50.0
84
21
97
77
35
94
9
15
4
10
24
23
17
33
41
19
35
43
35
82
64
47
81
16
11
98
73
47
53
19
86
38
92
13
74
25
68
68
79
55
67
34
91
36
17
38
2
50
39
85
79
87
6
49
49
2
54
80
82
75
17
95
47
85
12
95
79
17
10
65
60
78
59
74
22
3
41
31
79
41
58
19
0
90
10
32
44
53
98
66
80
71
67
52
68
91
10
61
29
3
95
51
17
79
7
53
67
20
28
66
66
90
53
27
98
70
63
63
14
74
57
5
38
2
72
37
20
98
77
48
80
72
77
76
90
37
45
62
98
79
91
30
59
67
95
14
61
88
68
19
40
17
79
35
83
82
67
82
93
12
89
95
37
64
77
17
89
0
95
66
82
63
32
12
85
72
58
34
91
41
45
57
69
96
99
56
17
61
77
1
79
67
64
85
66
17
41
63
74
99
41
45
8
17
74
68
58
18
64
20
8
42
89
88
88
32
8
41
91
6
82
64
41
61
98
85
96
96
63
35
10
80
95
72
79
98
64
10
80
59
89
46
46
16
88
49
46
26
92
6
95
61
20
85
46
58
61
64
89
34
77
67
45
12
38
82
37
69
47
74
64
68
49
72
35
6
19
49
16
37
41
6
3
32
66
72
12
88
92
19
46
74
19
90
38
45
79
95
41
92
58
19
91
66
12
20
47
68
61
20
74
96
98
85
6
91
85
17
74
91
79
90
92
69
6
67
79
41
79
0
57
32
12
72
46
32
0
47
89
69
80
92
45
98
38
66
45
8
53
90
53
63
72
80
3
37
91
66
3
58
45
68
1
95
85
2
59
53
20
14
59
1
32
38
63
92
37
66
16
79
19
41
37
37
80
67
20
37
74
59
98
80
85
34
61
90
59
6
20
57
46
49
67
34
16
3
16
0
12
12
46
96
46
49
64
0
53
57
41
99
67
92
49
10
45
3
34
49
2
98
98
3
91
61
98
68
35
95
41
67
37
63
47
8
57
77
46
69
74
14
45
0
58
47
85
0
79
90
10
96
1
47
61
98
17
53
17
34
20
72
20
46
68
64
35
2
77
19
17
72
57
53
82
20
85
82
16
99
77
66
49
69
74
69
8
79
90
67
1
16
57
98
35
12
66
89
34
66
1
88
90
46
89
32
69
2
58
8
49
69
74
90
85
41
57
17
82
19
66
19
61
85
17
98
88
35
98
79
92
57
12
45
91
61
37
57
95
63
45
16
34
96
47
90
37
82
49
12
90
17
99
90
91
69
37
66
1
6
16
91
69
69
69
82
96
72
47
80
72
45
3
59
64
46
53
8
35
46
90
61
10
88
98
3
46
67
68
34
41
63
77
57
67
64
35
49
45
32
35
91
98
61
32
12
38
66
90
17
35
79
47
20
88
19
96
74
35
96
32
47
8
16
14
35
2
49
8
34
91
59
74
57
12
68
77
64
89
46
77
17
20
49
3
89
2
17
6
98
64
45
17
90
19
46
59
8
45
74
32
38
34
88
49
45
67
77
57
79
47
20
46
63
1
79
19
0
85
12
85
46
64
34
35
57
14
69
35
17
3
68
47
72
64
6
19
16
17
72
2
59
88
19
10
74
34
38
69
57
82
45
38
80
67
49
6
49
10
37
47
34
63
67
77
91
80
17
95
61
69
0
57
67
57
74
38
95
16
80
92
34
66
80
88
67
57
90
98
16
34
49
0
19
32
45
98
90
53
98
95
79
57
63
35
35
20
32
14
20
95
17
98
46
96
72
91
96
90
41
2
2
67
61
32
37
82
38
64
82
46
69
46
47
17
90
37
47
34
10
61
3
16
77
82
69
82
69
66
0
57
41
67
3
88
64
66
80
35
35
77
64
61
0
37
19
19
12
0
41
8
77
79
85
85
67
37
69
6
95
63
98
53
72
37
16
88
90
32
57
0
37
20
66
41
16
90
63
45
96
90
66
47
92
34
45
74
53
2
16
45
61
66
92
95
95
89
3
95
66
12
79
49
72
67
6
46
37
90
79
38
46
38
64
59
12
49
69
90
72
45
37
58
35
67
98
72
38
92
89
2
74
68
72
66
68
77
57
6
58
67
99
85
72
92
91
91
14
80
88
20
79
8
38
2
46
80
20
85
6
17
35
57
16
2
49
32
69
99
12
2
66
37
77
34
59
57
32
10
66
64
98
2
19
10
67
41
12
72
59
85
85
66
12
45
61
99
64
57
63
1
46
14
1
12
49
89
32
80
10
99
0
