22
100
50.0
74
57
36
20
88
91
40
8
46
3
71
55
76
52
2
59
38
24
34
97
18
27
15
69
19
85
4
75
53
47
12
46
70
50
32
16
85
44
45
30
94
91
62
73
84
24
13
61
14
67
6
5
60
22
79
42
14
30
88
88
53
94
95
63
64
12
25
41
49
48
34
24
89
21
1
35
5
41
82
88
47
65
42
53
37
65
96
66
46
28
86
98
42
73
37
89
5
42
57
12
51
54
88
53
92
55
58
5
44
17
29
41
53
11
62
39
37
90
53
0
9
50
85
46
52
46
39
28
26
23
89
3
16
73
58
34
49
85
72
23
3
5
53
50
76
99
13
11
34
9
52
60
13
73
28
23
89
60
28
57
16
14
62
46
52
85
34
11
88
78
88
9
30
45
85
98
22
76
22
88
56
34
88
77
11
31
44
98
14
65
13
24
57
9
3
34
53
43
25
49
42
46
12
39
39
88
6
55
39
93
59
24
87
87
94
31
6
53
68
91
47
3
50
5
49
57
89
42
30
80
82
44
31
87
44
41
26
88
12
6
58
25
81
59
52
30
25
85
5
29
9
73
50
34
58
73
50
50
55
34
45
60
7
60
25
62
41
55
9
58
52
52
83
12
85
53
42
46
57
45
57
37
85
98
82
50
57
65
46
12
44
49
83
94
14
73
47
33
58
85
89
3
6
91
22
55
25
94
62
50
57
24
58
57
52
13
52
6
24
58
85
12
59
46
91
65
62
3
31
83
33
3
37
42
16
53
46
44
41
47
29
55
88
88
9
91
85
94
62
98
25
29
45
88
55
26
50
41
50
83
11
76
94
91
14
98
62
82
91
34
5
28
49
82
85
60
62
45
26
11
85
22
76
33
12
98
87
23
39
98
44
91
73
16
58
91
5
37
9
57
55
13
94
45
83
16
59
87
59
22
3
31
58
53
31
14
73
39
28
83
41
53
3
39
30
29
16
85
85
16
85
45
10
55
41
31
37
87
33
58
85
30
37
59
45
59
28
33
87
9
60
58
62
58
57
39
46
91
76
94
62
73
60
34
6
46
11
44
94
39
53
13
76
39
88
88
13
3
89
44
60
11
49
39
12
30
49
13
60
50
6
30
98
91
13
55
30
28
9
13
82
98
88
16
6
91
13
42
65
52
9
45
57
87
58
5
9
24
49
83
29
76
34
11
58
85
83
82
52
16
89
98
47
24
89
91
5
12
59
41
65
44
85
49
29
65
3
73
25
34
44
24
22
33
73
30
46
53
73
73
76
49
34
87
44
34
13
60
85
47
62
34
59
50
14
31
85
59
94
24
60
62
88
46
13
82
65
85
94
91
3
53
16
5
44
39
44
23
60
9
91
46
52
60
76
22
14
9
31
87
23
31
89
3
91
44
57
37
34
44
55
83
88
37
26
25
98
3
24
25
50
47
29
30
58
76
39
34
58
9
28
23
25
47
57
44
94
5
44
9
85
52
89
60
65
30
76
3
16
60
94
53
12
85
14
22
3
82
26
58
88
55
88
25
65
57
41
5
9
89
23
30
60
24
55
42
44
12
13
60
89
52
82
9
25
14
53
16
22
87
59
44
9
37
25
26
83
98
58
89
65
14
91
58
37
57
73
37
87
46
65
25
59
85
3
91
44
5
46
87
87
82
39
59
39
45
28
50
39
98
39
83
28
65
88
52
24
83
41
91
26
24
26
89
12
55
14
89
39
39
83
44
55
13
49
28
47
94
46
58
53
37
53
58
5
6
98
37
83
33
53
31
3
14
29
83
12
52
52
49
50
5
46
11
6
34
82
11
98
14
50
47
46
83
55
39
60
62
6
85
52
87
91
16
59
60
13
28
73
53
28
45
29
33
25
42
28
59
11
42
24
5
5
29
58
11
39
62
91
13
12
9
59
88
11
65
29
37
23
5
57
45
23
45
13
65
22
73
57
31
34
42
60
28
57
9
3
14
37
57
98
23
22
6
98
44
13
76
85
42
5
58
44
47
28
60
25
88
31
83
55
50
16
16
16
37
39
52
59
12
14
65
58
23
25
94
60
41
47
89
5
82
89
82
60
57
59
6
16
11
23
41
24
30
73
89
85
98
33
45
50
47
6
89
46
88
28
41
58
87
60
73
39
85
30
29
22
22
16
59
49
45
3
98
3
34
3
59
31
46
98
85
50
58
52
44
26
47
50
25
55
46
23
6
26
76
58
34
5
49
14
44
44
98
42
31
9
94
62
9
47
42
89
3
83
91
53
39
29
60
