3
100
50.0
84
43
24
19
4
46
91
44
66
89
40
10
64
35
32
92
7
26
50
42
59
22
31
85
94
52
14
41
47
68
5
18
17
78
65
45
73
13
8
20
75
6
29
56
30
24
3
29
58
40
38
1
98
94
96
12
27
23
53
10
83
82
10
13
51
9
44
11
33
40
44
47
59
70
41
37
69
76
47
22
22
39
16
15
91
21
55
76
30
29
76
76
51
79
30
60
10
90
63
30
56
57
97
49
52
33
87
3
15
22
88
54
91
10
41
46
34
36
93
76
62
95
71
28
57
19
59
33
81
86
65
32
52
80
29
57
80
25
76
19
41
52
59
54
50
77
22
19
30
56
57
79
61
91
52
47
22
41
46
30
77
2
13
79
79
56
65
72
19
81
94
40
40
53
65
96
28
93
71
99
32
41
40
79
48
80
3
96
28
81
71
80
8
77
94
94
74
79
22
33
47
71
36
3
74
81
22
80
29
29
36
3
32
40
77
22
91
63
16
76
46
41
3
76
36
44
51
92
13
46
92
44
63
76
59
59
33
53
16
48
34
52
71
52
8
40
67
45
80
69
71
52
51
48
46
74
91
65
22
15
40
71
33
3
13
35
46
72
47
69
51
46
91
50
59
29
19
93
94
92
10
29
8
48
10
40
24
36
30
44
8
45
10
10
3
15
50
41
77
57
40
40
94
63
35
79
0
35
80
48
47
34
34
48
29
8
0
47
24
36
17
63
93
10
47
40
45
72
94
59
63
56
81
59
0
8
71
52
13
54
94
69
71
52
30
57
3
35
0
22
77
72
71
79
80
10
79
10
94
46
24
15
15
16
56
15
41
48
33
19
32
35
74
71
46
91
76
74
35
10
65
35
35
53
91
47
47
24
54
72
71
8
22
8
57
74
13
72
29
13
8
3
29
65
74
96
71
3
63
8
19
80
57
91
47
54
48
3
32
51
92
69
47
41
93
52
19
72
94
81
59
47
52
92
59
63
47
80
34
81
77
71
72
29
47
19
79
65
48
44
52
63
93
0
22
48
57
34
36
34
51
59
29
32
29
15
3
0
34
52
30
34
53
71
10
10
32
29
63
50
72
29
33
28
13
24
44
44
3
71
34
45
59
65
0
40
79
63
28
50
91
41
30
47
77
56
48
51
74
10
47
81
32
0
81
69
3
56
47
56
53
63
53
36
96
36
24
47
65
22
77
40
94
72
51
93
36
74
80
59
41
35
29
24
19
77
94
65
50
65
96
33
96
46
40
71
69
74
53
79
76
94
40
30
28
3
29
96
79
46
28
30
53
94
65
72
65
3
10
72
22
44
96
91
16
19
33
65
51
50
28
0
54
76
41
41
34
33
69
53
92
44
13
63
93
40
63
3
74
77
24
28
47
96
29
59
51
29
46
51
19
22
0
65
17
29
96
45
76
53
0
22
52
71
72
74
74
16
52
40
74
57
76
92
96
47
32
45
71
47
48
29
63
40
47
48
76
53
35
71
30
53
0
8
16
76
50
19
59
57
96
54
81
22
33
54
33
54
46
48
35
63
93
44
13
53
29
91
40
32
93
15
57
3
59
40
41
3
33
71
0
51
93
47
10
65
81
10
44
46
40
15
94
77
71
13
94
71
28
3
16
96
59
22
3
36
8
54
63
40
13
79
50
65
94
41
93
77
56
44
3
28
94
40
41
29
53
79
8
36
54
71
79
15
52
40
56
29
19
15
52
48
40
54
96
44
56
92
72
41
16
45
45
33
79
32
57
48
65
29
33
79
24
59
28
63
8
48
96
0
77
94
77
41
51
76
93
34
35
8
34
44
76
32
10
96
30
57
91
96
57
33
13
32
15
0
80
34
22
92
16
52
17
59
22
69
48
44
79
93
76
10
74
45
72
76
30
51
28
53
48
80
34
40
15
91
40
53
56
30
59
47
91
77
81
16
71
69
15
0
28
22
35
35
63
10
28
53
17
34
22
91
19
10
63
76
56
40
29
80
65
76
15
52
53
17
13
30
48
96
63
45
41
33
76
79
72
96
28
76
41
53
13
40
52
94
40
36
71
79
92
35
19
59
30
8
63
93
28
69
0
93
50
32
32
0
91
24
71
13
19
36
17
59
65
15
28
63
94
57
79
51
93
29
45
47
81
10
72
3
79
3
13
51
74
48
46
17
3
54
44
19
8
3
30
10
50
10
72
65
81
54
79
45
51
41
77
46
93
54
81
71
51
48
8
80
71
74
8
34
13
33
51
44
76
80
51
63
46
15
