37
100
50.0
49
69
89
37
84
72
21
29
5
27
90
31
76
25
40
87
70
86
52
77
35
89
64
58
1
50
17
59
75
57
55
17
6
79
0
18
61
64
14
31
65
53
59
83
23
39
9
67
73
15
66
56
3
16
42
96
42
10
23
63
62
85
28
89
29
82
47
81
40
78
19
64
42
60
21
32
66
65
35
24
10
50
66
65
99
38
77
51
49
84
38
89
54
13
67
91
61
30
24
97
50
87
87
54
29
33
43
83
42
76
26
89
92
88
14
77
23
76
63
22
2
80
24
71
3
46
54
20
34
78
3
95
61
11
10
97
89
67
40
66
93
89
54
95
46
53
36
45
76
2
4
35
38
7
2
35
35
3
88
11
34
83
8
33
83
38
29
33
31
77
50
3
48
12
63
31
98
89
38
45
42
76
87
44
99
65
36
64
84
77
49
41
87
87
83
94
49
45
89
14
38
65
33
3
66
21
29
74
63
12
61
38
11
54
68
87
97
63
10
66
6
6
34
84
12
23
89
51
61
63
11
53
59
33
67
78
67
40
84
36
49
54
65
11
23
42
77
36
3
84
24
76
9
14
97
95
42
94
34
59
97
98
66
64
21
12
23
46
67
78
45
3
23
21
76
42
12
40
17
65
17
88
3
6
3
20
40
14
20
77
3
67
76
9
65
98
59
2
77
11
76
59
97
59
51
49
83
36
46
46
87
33
74
95
94
34
67
53
10
9
49
66
42
53
17
11
84
38
84
95
67
6
24
84
12
9
46
46
36
17
66
83
61
76
99
97
40
24
97
53
89
61
98
99
38
11
66
61
76
94
51
20
12
34
97
89
64
35
83
99
11
10
12
64
94
54
23
61
74
12
99
42
10
40
11
38
87
36
14
84
20
31
97
64
98
97
38
67
29
34
53
38
21
46
94
24
76
31
6
51
17
45
38
45
66
84
45
59
29
88
54
24
21
11
40
97
10
6
33
17
95
99
51
40
89
38
49
35
40
23
36
98
51
59
11
65
65
3
11
94
38
84
88
87
34
11
42
95
88
3
38
61
76
99
17
64
46
83
42
97
33
17
23
54
17
53
14
24
11
31
24
84
42
64
76
89
42
2
78
29
34
2
9
77
31
17
23
67
23
76
3
17
12
84
50
24
95
51
33
64
51
76
17
42
17
14
12
77
65
31
97
53
64
74
77
50
49
63
6
98
33
40
74
83
78
49
87
21
78
94
9
84
20
23
40
74
29
23
87
76
34
66
9
42
9
95
84
35
2
78
53
67
49
89
84
31
35
12
36
40
50
77
33
88
40
95
17
87
88
97
9
33
40
2
33
94
77
74
99
54
45
94
89
29
46
83
21
87
51
38
12
61
6
59
6
46
45
11
64
3
46
78
67
95
54
34
94
66
35
42
20
21
31
11
17
3
65
77
29
97
6
54
95
98
89
78
53
95
84
24
46
6
46
11
34
42
31
89
98
98
87
12
65
76
87
21
17
21
87
84
78
11
74
99
61
97
77
3
65
65
9
98
64
20
31
31
95
94
61
17
17
84
6
9
3
51
83
87
83
12
50
35
63
12
23
24
97
77
21
45
34
3
34
50
98
78
84
59
17
95
67
50
66
50
61
33
12
63
77
97
88
46
6
54
95
64
50
34
20
49
2
23
3
63
54
63
6
63
33
51
2
21
40
34
14
21
89
14
64
24
10
12
54
45
94
54
35
63
10
35
24
65
87
66
98
34
50
67
24
33
59
61
40
97
29
38
54
54
46
23
29
42
9
40
3
46
21
21
49
84
59
87
49
77
33
10
9
34
53
46
84
10
3
95
61
84
64
24
35
21
6
40
66
97
50
6
83
67
54
88
65
17
11
46
98
38
23
11
99
40
3
49
53
24
78
63
6
50
83
29
6
65
45
34
34
40
46
40
36
10
74
61
2
38
45
50
83
65
33
46
40
11
66
51
17
21
17
94
64
3
66
95
6
63
67
34
12
11
11
29
12
17
12
21
42
50
83
29
21
23
98
67
61
77
40
63
54
78
3
49
64
94
94
54
84
98
42
29
31
40
36
42
33
14
97
29
46
97
2
31
45
31
10
38
20
9
83
29
14
63
14
66
2
31
36
64
99
29
11
9
10
51
33
3
50
34
14
50
99
84
42
59
89
88
34
21
63
31
34
98
94
61
88
40
94
31
42
23
9
76
49
35
51
51
51
20
14
6
23
50
23
51
53
2
10
34
17
84
67
2
50
50
29
21
54
45
20
50
20
53
