32
100
50.0
51
90
3
37
43
33
99
57
18
30
13
51
72
6
45
41
63
77
65
98
31
19
77
48
18
86
42
76
5
58
50
74
44
54
58
51
59
9
60
15
20
44
29
15
35
75
68
10
87
81
4
61
78
49
71
4
30
80
58
53
95
69
11
23
54
81
0
40
21
7
77
2
4
52
50
28
73
56
88
22
52
30
46
48
18
77
56
40
86
44
82
84
66
22
8
12
44
88
17
28
11
11
85
15
36
58
89
96
64
80
80
38
40
44
14
34
62
12
4
28
18
28
25
18
30
80
94
53
84
94
97
85
71
18
4
12
54
34
15
4
46
91
18
32
80
59
62
40
44
58
53
84
54
4
98
40
28
34
84
84
51
15
59
30
92
5
86
31
4
55
77
98
30
62
31
40
31
92
14
56
71
22
53
16
28
70
27
71
52
15
77
94
80
59
21
62
52
4
92
26
24
84
85
31
88
46
12
97
88
81
28
50
56
46
34
59
92
81
83
40
97
32
44
4
28
30
46
56
2
15
58
58
92
92
4
44
17
47
40
67
81
81
40
14
31
93
46
48
88
92
30
22
59
76
22
71
51
31
14
52
30
39
4
59
17
39
17
5
5
44
15
31
62
11
97
14
76
2
22
47
62
67
62
52
53
39
46
4
70
77
98
39
15
12
46
52
31
54
86
22
79
39
24
2
98
21
40
1
97
70
53
18
84
93
76
34
34
4
47
31
50
34
39
71
40
34
77
77
53
85
85
98
70
40
94
15
30
47
4
17
44
2
40
4
16
77
47
59
47
92
86
71
77
94
17
77
70
94
51
97
30
67
81
48
93
88
56
84
12
48
14
48
39
71
14
47
51
92
58
85
2
52
54
46
93
50
52
56
32
58
58
44
16
22
85
47
40
88
51
54
81
34
86
98
22
14
93
97
84
31
97
51
77
80
16
52
4
77
17
88
54
84
81
2
16
84
79
16
53
62
59
46
70
93
2
86
80
59
39
79
93
32
62
88
67
34
70
30
86
22
21
15
94
4
51
4
81
48
80
47
40
94
94
32
54
50
71
92
15
81
5
62
92
86
88
16
34
71
92
39
52
28
11
14
52
86
79
51
18
47
84
4
47
53
15
31
54
2
40
71
48
28
62
97
16
30
67
34
67
32
88
21
44
15
71
86
24
85
88
11
52
14
21
62
70
46
76
94
47
88
47
51
12
97
76
14
18
51
16
15
81
5
84
40
2
51
59
67
67
92
31
47
53
5
88
34
22
12
86
48
31
24
80
92
56
48
18
31
85
12
84
22
40
4
21
40
31
17
12
97
18
30
11
59
59
15
62
85
21
39
32
14
98
54
40
67
14
67
84
22
21
18
17
4
77
24
79
85
52
56
97
40
81
4
18
40
48
52
15
48
18
14
80
22
85
51
4
22
84
14
30
97
11
52
28
22
21
22
39
92
40
93
5
30
44
44
92
44
92
46
59
24
85
12
98
54
81
62
76
94
62
62
2
50
67
4
21
22
32
70
24
28
5
77
39
14
47
11
28
31
21
15
79
2
39
70
22
5
22
46
81
59
56
44
2
93
32
2
14
59
97
84
54
44
81
85
76
76
22
32
85
56
18
46
47
54
14
11
97
70
46
30
85
4
44
48
17
94
98
18
2
34
12
54
15
11
85
18
34
11
79
4
34
85
30
51
5
44
93
70
44
71
14
44
88
76
54
22
54
80
71
40
98
31
67
59
67
39
31
40
88
31
67
88
71
51
47
97
32
52
14
97
39
39
92
14
56
71
51
84
24
44
52
44
50
30
2
88
97
98
24
59
97
59
32
52
86
77
16
18
32
46
32
39
70
86
52
76
18
77
84
97
71
21
15
28
79
93
97
44
48
46
88
94
97
62
2
70
50
52
31
86
39
40
48
31
51
48
98
40
28
67
32
5
85
32
40
24
31
14
85
85
54
51
4
52
93
50
22
12
4
52
15
47
31
50
18
62
44
59
93
52
58
62
22
47
56
54
67
11
93
39
24
12
15
14
92
85
28
15
34
85
48
15
11
98
86
39
81
94
4
77
48
30
24
93
2
14
4
59
2
39
97
94
16
31
14
21
40
94
54
98
2
62
32
16
97
67
62
18
58
31
88
34
50
76
34
85
53
40
71
92
94
39
84
4
48
97
39
44
4
15
98
11
51
31
85
51
2
32
76
47
48
70
24
94
85
52
40
24
30
97
48
92
81
84
67
88
54
53
97
56
15
80
32
54
98
12
86
44
