92
100
50.0
70
11
76
96
53
30
94
3
56
68
37
21
16
41
99
5
71
52
44
13
67
95
28
98
77
62
68
81
26
97
25
58
57
63
53
23
27
65
53
60
75
5
30
67
96
61
15
71
31
4
75
42
9
11
71
79
55
46
68
55
99
67
74
99
92
63
55
32
96
86
47
83
24
7
7
10
7
83
83
38
41
75
78
34
71
19
29
69
67
73
22
98
64
45
1
80
59
49
45
36
15
12
40
85
15
2
53
0
22
63
34
14
77
66
93
87
66
6
36
97
72
71
43
26
89
77
99
79
33
50
43
34
22
20
90
59
30
43
89
14
91
79
59
41
63
55
58
33
66
66
53
77
34
39
11
45
35
17
99
33
84
30
66
53
89
9
43
5
96
15
41
5
39
68
33
43
26
89
77
98
82
29
4
9
99
48
83
19
32
8
51
43
59
43
60
59
11
26
37
30
92
29
37
29
45
53
63
36
19
36
37
59
11
7
87
59
60
33
99
45
30
22
26
19
37
26
99
98
45
89
96
43
98
26
41
4
63
19
39
18
18
9
89
46
40
79
43
34
67
75
46
40
71
64
22
29
60
96
55
36
28
59
18
5
26
96
63
53
15
98
14
79
77
34
59
58
58
63
21
14
59
15
60
37
39
75
92
14
96
99
39
40
28
4
89
26
75
34
89
98
32
67
30
54
60
71
37
28
5
68
53
66
4
46
40
9
19
83
92
71
87
75
34
43
66
9
97
75
60
58
67
41
26
88
29
37
87
54
99
22
8
43
9
77
14
21
66
98
19
11
54
28
4
15
68
59
46
9
92
14
5
53
87
58
68
58
77
9
92
18
18
11
83
87
14
97
37
92
36
89
83
9
28
96
66
53
33
79
55
99
5
15
67
83
19
59
75
55
64
60
41
14
39
64
21
4
28
83
33
37
66
32
60
75
97
32
29
67
53
97
87
79
30
19
8
28
58
4
11
11
55
55
15
9
14
21
67
97
54
96
89
55
34
58
87
4
87
83
59
53
87
19
55
32
45
53
29
96
15
87
53
53
63
54
99
18
34
9
9
55
11
22
89
15
71
97
66
5
36
63
39
18
45
77
53
34
87
15
26
21
97
97
92
29
43
83
39
28
34
34
36
75
4
43
11
67
19
28
21
97
63
87
92
99
39
89
67
7
89
5
58
46
45
9
37
4
19
98
92
26
32
36
28
14
99
55
32
26
5
97
68
19
36
98
89
33
41
21
30
15
45
79
45
5
63
8
79
8
4
77
15
39
87
14
66
15
36
5
46
53
30
97
15
77
5
7
30
14
14
87
75
34
4
89
41
8
37
29
87
83
11
77
37
67
37
43
77
26
9
15
43
34
55
68
34
77
58
98
98
60
41
63
68
58
63
29
37
4
92
8
55
99
28
83
75
21
66
66
58
28
67
4
41
54
59
77
54
63
45
21
58
45
46
46
92
79
66
37
64
18
68
19
58
79
29
4
83
58
79
59
15
92
75
45
96
71
8
43
75
39
92
87
96
9
59
55
58
4
45
98
7
15
32
28
34
96
41
99
9
55
39
96
75
19
19
14
32
64
40
54
5
11
96
9
41
26
68
5
77
58
75
75
4
45
29
99
4
8
83
40
46
98
7
60
36
22
14
54
68
92
14
71
37
11
60
37
66
5
41
9
39
11
53
58
55
53
75
11
21
58
59
14
14
64
98
32
66
87
26
79
14
43
36
40
41
68
8
29
8
11
59
75
68
18
60
92
64
41
83
87
99
68
59
97
59
33
8
54
98
5
87
75
55
37
54
9
19
96
63
18
40
18
68
63
45
19
14
28
7
60
15
26
5
4
33
98
18
14
33
59
11
55
46
40
77
46
63
55
19
66
96
45
28
39
99
5
79
79
83
18
4
22
32
79
99
37
8
63
43
36
15
67
33
92
68
39
7
75
64
36
60
5
37
43
99
68
53
7
14
15
97
63
89
30
37
87
99
37
5
96
75
87
96
30
55
45
64
22
60
26
89
96
63
58
66
45
36
29
15
54
40
34
37
22
11
30
75
41
39
28
59
14
67
92
43
28
66
63
46
26
68
97
5
8
71
66
75
34
46
97
39
11
75
66
32
89
68
19
34
63
28
97
43
4
5
22
89
68
40
58
58
4
5
64
59
33
45
39
14
87
22
29
19
89
92
75
54
66
59
55
30
41
92
11
40
67
75
98
79
46
64
43
45
21
18
75
79
9
60
14
5
33
96
46
34
28
26
15
43
22
