42
100
50.0
27
7
51
71
65
69
76
32
49
53
70
64
15
82
73
74
77
18
87
86
95
35
96
94
85
22
52
69
57
21
59
11
85
28
3
5
60
35
73
46
25
90
69
35
66
43
54
68
9
14
38
47
16
46
41
82
36
82
93
60
78
57
86
86
59
99
97
47
0
92
13
73
5
44
62
89
26
33
82
85
83
26
5
35
36
30
45
26
53
56
17
59
20
71
87
82
34
29
38
35
24
95
82
47
50
60
69
24
83
81
45
60
99
4
90
42
36
92
10
29
38
1
67
63
4
19
57
91
80
40
20
31
44
35
80
48
59
68
67
42
33
8
83
69
69
63
78
99
0
5
45
29
6
90
89
85
4
58
82
23
75
73
88
23
79
0
92
24
25
67
69
46
44
35
73
41
49
42
68
47
86
20
35
39
79
12
44
85
23
0
68
79
24
0
4
98
87
67
47
47
38
85
41
69
59
95
89
44
99
17
42
67
55
2
33
68
42
68
85
26
20
99
63
2
25
33
0
87
49
17
33
45
71
45
44
86
87
23
82
2
4
45
0
92
67
69
62
92
47
24
35
49
5
92
33
80
89
62
42
67
63
57
73
72
80
87
37
17
92
19
46
2
78
41
53
68
26
0
25
35
95
59
86
33
62
4
45
23
2
23
71
59
71
49
59
33
80
53
67
57
69
59
67
0
46
62
83
79
67
89
59
80
80
59
59
99
36
41
86
35
69
90
99
47
26
25
90
86
60
90
62
79
35
5
79
0
25
17
67
37
87
82
69
95
89
82
89
5
46
47
53
53
53
99
0
61
67
23
47
82
89
62
99
84
17
33
73
62
89
29
17
95
69
79
68
45
2
37
68
57
44
67
69
2
63
49
73
87
68
0
99
0
95
73
42
2
0
4
47
53
78
47
37
37
38
57
62
20
33
92
45
78
67
46
5
75
63
35
90
87
92
44
37
53
86
95
80
33
79
0
38
67
87
25
37
44
82
5
95
26
35
69
85
99
78
25
0
45
73
41
26
92
86
19
23
17
24
2
79
80
84
95
2
92
29
24
4
99
83
26
89
83
37
99
86
57
79
4
68
0
63
95
29
41
69
23
79
78
33
29
0
80
63
37
67
35
80
92
35
79
60
60
86
73
60
25
23
82
46
37
37
57
36
89
35
87
60
49
5
71
75
57
33
41
63
42
68
84
53
25
20
20
45
87
57
73
60
57
36
84
35
92
20
92
36
45
80
95
38
53
82
87
41
71
99
63
59
63
85
85
35
53
86
89
35
53
49
99
46
80
63
79
62
42
20
29
83
69
71
79
5
86
62
83
57
82
69
42
53
4
17
45
33
80
4
69
37
33
46
5
75
67
73
95
57
84
33
73
44
60
73
82
36
90
95
84
20
86
33
47
45
60
4
90
87
36
92
86
33
35
60
71
75
80
42
47
53
33
0
68
37
37
57
60
99
68
26
68
46
49
90
29
83
19
35
41
33
42
79
79
75
38
82
69
35
17
47
68
23
62
37
26
41
84
62
79
24
38
47
86
0
62
44
59
68
0
46
23
85
33
80
25
0
79
33
46
59
44
47
44
41
69
35
62
24
49
82
24
67
49
24
35
68
44
71
90
20
33
53
57
67
41
82
90
83
71
19
59
79
79
63
62
79
46
89
57
79
53
59
46
20
24
49
85
29
78
84
4
95
85
24
92
59
92
63
86
5
84
68
29
57
62
35
57
41
92
29
78
25
45
4
80
79
78
42
85
42
62
62
69
75
49
59
25
75
26
36
92
80
92
73
92
20
25
35
59
80
73
29
44
60
71
0
60
42
90
82
62
63
85
60
68
73
82
42
68
38
53
41
79
20
71
68
69
25
0
99
38
23
35
73
62
89
80
35
57
95
89
99
36
47
2
26
89
45
90
4
83
69
36
5
59
38
95
5
82
47
37
29
95
95
73
37
49
26
4
45
90
20
42
33
92
82
29
24
89
73
41
19
4
59
35
25
69
26
82
90
4
67
4
4
25
59
78
84
25
67
92
57
53
87
2
29
19
25
5
53
67
41
71
84
86
62
68
17
62
53
4
29
89
87
86
79
95
57
73
69
68
60
78
20
24
4
37
29
73
86
82
67
71
60
33
35
29
47
73
80
37
5
24
78
45
49
95
45
67
24
80
24
36
25
17
44
37
37
57
19
83
24
83
85
17
99
69
86
41
49
20
85
46
67
84
25
47
62
68
42
69
25
45
29
5
26
24
85
29
79
23
20
75
