70
100
50.0
55
90
68
24
66
60
19
74
37
31
5
68
45
75
53
12
34
85
57
54
49
23
36
33
81
38
8
64
48
30
92
25
75
56
89
91
80
84
6
90
96
42
63
17
63
20
71
52
24
1
1
57
57
26
73
97
78
16
70
10
9
92
15
75
51
66
61
34
4
99
70
45
24
7
83
59
61
80
50
75
53
14
15
22
29
36
56
43
56
34
24
83
44
24
63
35
53
22
13
11
66
70
93
70
94
76
79
53
44
65
34
95
2
40
66
88
27
91
58
11
27
24
18
87
31
3
0
56
88
80
90
61
31
92
82
92
8
3
82
27
94
67
77
7
75
75
31
46
82
39
22
68
41
1
13
36
98
62
57
76
47
1
15
25
83
88
32
28
15
83
63
15
75
30
7
3
47
56
86
98
83
70
34
15
28
34
98
8
94
13
63
22
15
21
36
77
74
91
87
17
66
15
27
11
75
3
88
72
15
75
57
82
15
35
36
77
82
68
36
30
44
8
72
13
90
90
83
82
44
58
61
15
88
31
27
27
70
56
75
76
61
66
63
75
44
7
88
74
21
44
63
74
21
22
11
0
25
3
31
53
58
8
66
94
74
15
11
8
72
36
15
32
22
83
92
45
88
56
83
53
11
47
7
82
15
7
87
35
21
66
91
69
18
47
56
15
56
83
30
21
45
91
8
25
80
1
94
58
30
83
35
15
53
76
61
11
77
0
36
66
74
66
34
87
94
47
63
7
76
45
34
18
69
75
76
91
83
87
53
98
0
25
36
24
45
22
70
56
15
98
32
75
80
88
7
36
92
34
45
72
24
82
22
70
45
47
3
91
63
15
25
91
28
17
7
69
15
75
28
69
70
72
25
63
47
57
13
56
82
74
13
30
17
80
76
70
36
22
15
27
24
68
98
74
91
63
87
45
80
61
80
3
87
87
1
68
36
68
13
87
94
74
28
56
31
66
8
27
75
18
27
13
91
63
34
92
92
3
36
28
83
68
17
57
88
34
75
44
21
61
83
80
56
18
30
91
76
28
87
3
82
76
90
87
68
75
1
70
31
45
92
98
31
24
70
56
76
61
88
72
74
17
36
44
75
70
30
27
25
61
68
58
27
82
22
88
0
1
91
83
83
53
3
27
80
31
53
70
57
11
32
94
18
28
35
25
80
77
44
57
94
8
88
25
34
56
11
82
77
18
32
53
70
3
83
66
53
74
31
21
44
69
82
77
35
47
74
8
70
53
11
87
56
34
90
27
13
87
22
22
92
17
47
18
25
8
80
25
68
92
25
31
70
0
47
30
3
98
31
44
92
74
7
66
36
24
92
88
70
45
0
1
94
25
18
58
15
94
98
1
15
72
74
35
58
57
76
22
30
76
69
35
8
8
87
56
28
80
18
8
32
70
58
68
34
22
30
56
83
44
45
18
53
82
1
66
70
77
18
75
57
66
28
92
90
25
70
36
30
76
57
45
83
70
22
36
75
22
25
34
63
18
98
32
35
74
72
98
45
1
34
21
44
11
47
7
34
91
90
1
11
98
91
24
47
8
21
74
25
8
47
0
34
24
47
83
13
17
82
17
31
57
90
34
90
0
58
90
35
63
36
98
91
77
88
66
24
13
27
7
34
21
82
92
30
30
69
11
90
15
61
11
92
36
58
0
8
32
22
57
56
66
76
13
76
32
35
32
31
44
56
36
47
68
7
7
21
25
22
7
69
0
82
7
56
7
74
87
8
0
61
1
1
74
11
31
70
44
45
24
98
80
68
30
82
75
68
94
58
72
36
21
34
87
68
45
30
30
76
45
75
91
56
76
91
76
94
32
44
57
98
3
28
68
94
21
61
88
18
72
15
34
68
3
13
92
24
61
98
66
15
11
11
36
44
90
57
88
1
47
25
15
15
30
32
25
15
25
83
15
88
32
70
35
57
0
58
36
87
24
36
28
57
31
74
8
30
76
3
83
13
21
8
77
45
88
32
25
31
74
30
18
32
80
25
18
25
90
35
15
1
0
91
68
94
24
7
44
87
70
45
30
63
11
57
13
24
77
47
87
18
3
72
57
18
45
66
21
80
87
63
18
7
34
57
87
30
27
77
31
53
57
56
53
77
75
36
45
44
91
76
13
0
75
58
72
98
31
8
90
25
31
18
87
92
69
25
80
8
82
0
66
32
8
94
21
91
58
7
32
27
1
77
98
22
13
88
91
21
98
88
69
15
56
1
8
35
94
77
82
28
61
25
47
25
58
82
91
36
80
