87
100
50.0
2
82
97
25
59
76
17
46
41
1
89
44
33
35
81
85
84
37
73
82
34
62
30
40
23
29
80
56
97
65
14
28
46
8
29
27
7
3
98
61
95
96
12
99
15
60
70
55
73
48
56
2
54
4
51
45
26
19
24
21
58
71
93
34
91
11
2
0
68
19
9
17
4
35
31
93
18
51
78
3
69
35
66
93
6
10
76
43
91
87
27
24
36
69
69
98
88
19
1
1
51
73
52
81
38
76
27
69
13
82
65
50
2
29
8
42
47
93
39
6
19
83
54
17
93
76
29
47
20
47
22
56
81
53
27
91
1
82
57
97
67
42
75
22
44
32
43
56
72
17
63
93
17
91
92
13
73
74
35
94
91
91
81
42
46
1
1
87
73
42
34
93
29
9
2
47
1
8
43
29
38
5
76
16
19
2
56
17
9
17
42
59
1
43
54
62
77
44
48
22
76
4
13
64
17
2
82
91
0
69
62
79
87
87
56
29
47
64
65
91
48
64
17
24
6
44
1
2
98
13
9
42
51
44
16
43
0
69
64
38
62
32
86
27
62
94
16
93
34
72
42
17
63
98
86
82
38
47
51
24
52
69
52
17
97
46
76
42
3
81
32
62
35
4
57
13
22
29
54
64
8
94
48
64
52
87
13
65
27
93
17
16
93
24
69
1
56
91
98
67
49
90
59
56
9
0
19
24
82
22
64
6
69
52
44
56
32
52
13
57
42
54
35
56
72
17
97
2
72
24
19
34
64
34
65
46
98
64
82
67
27
67
1
27
19
65
27
72
3
6
42
52
34
59
54
98
38
64
42
47
27
82
29
56
51
65
81
16
76
81
24
98
86
52
34
59
87
62
3
67
86
13
98
86
56
67
62
93
42
73
4
87
6
0
65
97
94
43
8
63
97
73
47
42
44
81
8
24
46
69
47
4
94
16
93
1
48
52
13
19
34
17
8
93
81
42
86
16
94
76
82
76
43
59
82
48
24
13
65
93
35
91
35
48
67
72
35
2
47
91
42
13
24
44
73
93
1
62
9
48
81
2
47
81
59
72
67
72
51
65
6
13
76
24
48
9
91
29
51
34
16
98
87
6
6
52
42
2
86
72
51
43
93
57
56
4
38
24
76
4
44
44
97
72
6
81
34
34
93
44
67
2
76
32
4
87
52
62
97
35
63
86
62
46
82
35
94
47
3
57
9
44
73
9
1
64
43
59
22
3
32
6
27
4
47
63
59
0
19
91
32
38
35
57
81
81
4
56
59
38
29
44
43
82
59
13
97
27
44
46
32
35
69
42
38
46
22
42
91
3
65
6
65
22
56
22
69
22
42
3
8
8
59
64
73
47
9
17
57
81
87
24
44
97
91
87
52
86
91
6
67
3
97
56
46
67
81
47
8
93
38
46
2
59
94
81
22
67
44
93
63
24
91
47
6
81
24
56
46
8
8
44
76
43
35
67
62
1
29
1
47
97
81
48
98
54
93
1
98
13
43
48
73
62
63
69
97
6
67
59
19
0
86
13
64
63
8
13
24
76
54
2
98
19
51
35
46
51
47
67
97
9
19
2
38
87
62
69
17
46
35
1
73
44
82
82
46
69
76
43
1
0
4
46
3
22
6
19
8
43
1
16
4
19
9
81
17
91
93
87
24
97
24
1
65
72
62
6
62
0
16
73
56
59
52
19
24
29
34
9
38
63
3
59
47
0
56
98
81
0
51
29
67
29
16
64
76
34
51
34
17
3
29
91
19
59
97
93
4
56
56
69
73
87
43
87
93
67
32
67
82
8
81
63
44
44
1
13
2
59
8
9
91
43
46
22
51
47
32
73
57
29
47
65
97
72
32
82
93
73
48
67
8
6
51
64
94
64
2
22
82
98
42
94
97
29
1
97
54
65
48
91
67
91
76
8
47
29
0
22
63
69
91
42
57
16
48
82
56
47
82
57
65
27
86
27
3
0
9
64
35
1
19
97
6
16
27
97
86
35
97
81
1
47
94
86
82
93
76
72
9
52
44
9
44
16
47
1
34
42
24
57
44
73
62
43
63
65
54
81
65
52
0
9
17
48
1
38
32
57
51
57
98
6
9
97
65
54
16
65
69
47
69
57
47
94
62
94
32
16
16
16
13
19
19
98
69
69
87
48
87
87
17
59
54
42
86
34
81
76
69
27
29
34
97
82
94
54
81
87
35
9
54
67
38
67
8
22
44
3
13
47
6
62
46
52
54
34
0
86
72
52
4
63
67
22
22
6
69
19
