33
100
50.0
21
63
83
53
96
97
56
85
46
57
45
34
79
28
55
10
24
32
42
38
62
30
98
13
25
3
82
64
3
43
42
92
58
44
24
20
76
19
24
22
27
27
40
78
51
86
92
68
75
92
84
95
7
89
47
11
2
76
0
67
41
36
52
49
15
35
74
55
71
49
31
29
87
23
68
2
12
60
5
96
65
23
3
76
24
92
18
60
99
3
47
12
23
44
93
81
5
72
15
88
39
90
91
73
80
77
92
86
49
68
42
90
76
92
14
15
61
3
93
6
99
90
12
86
47
29
89
59
24
39
86
48
8
70
59
54
96
66
15
69
87
96
61
54
29
48
15
27
52
35
4
30
90
68
26
42
22
6
29
89
42
86
90
34
35
5
94
60
99
87
34
39
44
23
70
54
48
48
52
87
47
50
55
99
3
33
17
27
62
24
1
78
68
54
8
89
23
70
37
22
54
16
52
70
34
93
6
70
50
6
96
15
52
52
15
27
60
39
87
60
5
50
30
92
78
90
60
27
15
52
68
44
34
60
23
19
2
59
48
14
59
48
90
51
44
29
3
48
12
96
48
66
6
93
49
23
54
22
47
92
23
93
12
24
50
96
86
16
89
62
35
30
51
68
48
9
68
23
34
74
78
30
19
74
47
27
22
34
12
68
70
47
28
49
76
89
49
51
92
5
50
87
44
12
37
52
59
22
2
66
86
28
6
2
78
19
3
42
2
35
47
48
62
42
30
51
96
59
89
54
5
23
23
12
55
52
15
35
86
27
92
90
86
12
29
76
93
2
62
49
49
5
92
48
99
61
87
14
74
76
60
15
55
12
55
12
59
61
76
2
44
74
50
6
93
24
66
66
90
62
54
86
9
30
44
39
70
9
15
23
30
59
14
42
49
8
47
3
86
70
47
90
22
68
87
14
66
51
23
47
59
29
42
6
93
47
68
66
3
52
2
54
14
24
47
30
29
8
42
70
66
8
66
76
2
59
89
74
52
68
61
50
16
99
28
23
92
24
49
68
54
29
70
51
87
24
49
6
54
70
16
39
93
92
66
74
28
39
24
60
76
74
52
37
28
93
55
29
51
87
78
34
59
39
78
60
49
6
89
34
78
6
70
35
50
8
66
48
70
70
35
96
51
22
47
99
39
19
49
34
34
29
12
5
44
47
3
28
22
2
76
16
14
50
5
47
78
87
78
52
30
61
8
22
47
6
99
44
76
52
37
48
6
14
90
37
78
12
70
15
23
35
16
54
12
37
60
35
44
14
47
55
78
87
42
39
22
16
55
66
74
93
59
61
89
34
59
9
68
27
78
24
87
74
44
6
90
14
9
5
55
68
14
70
49
49
74
37
70
55
87
59
70
55
39
47
12
55
76
37
66
55
74
52
39
14
15
8
12
61
62
3
99
66
6
44
35
93
62
8
70
54
5
89
16
24
44
54
23
44
50
30
2
59
87
86
52
12
9
24
2
76
68
60
96
62
3
50
37
15
70
87
37
86
89
14
16
59
42
15
9
35
62
35
68
29
37
12
49
49
92
22
22
22
49
37
60
50
48
8
78
66
16
92
50
93
86
59
60
78
9
54
89
74
99
89
23
76
76
74
6
90
37
52
23
23
42
68
3
42
12
44
66
70
74
42
50
61
16
51
86
52
76
28
47
92
47
28
48
48
74
34
34
54
44
59
47
2
78
34
44
27
59
5
12
37
90
52
47
61
5
47
2
93
48
37
86
35
29
3
24
24
66
47
89
23
62
42
5
15
51
86
9
30
49
23
51
49
49
89
78
74
12
22
52
47
60
6
76
66
78
14
78
9
12
19
68
50
78
44
48
70
28
29
54
68
29
6
6
89
39
78
78
14
52
42
27
86
93
76
19
74
96
15
27
52
61
89
86
30
89
12
99
54
62
92
3
48
23
70
48
92
16
76
78
42
96
59
60
99
70
42
8
16
52
2
50
22
12
52
16
6
12
30
34
78
92
49
59
89
60
39
92
2
24
89
66
39
52
14
93
61
87
62
70
78
92
27
78
39
93
99
6
93
68
28
30
28
86
52
27
54
37
5
86
54
96
14
14
50
76
50
23
16
96
15
93
49
62
27
50
61
16
14
42
16
28
23
35
78
48
27
48
27
22
61
70
51
89
86
61
59
47
5
22
12
22
24
47
54
27
44
30
42
62
42
49
92
76
2
15
76
52
8
50
51
76
22
87
24
15
70
51
37
93
15
52
66
16
54
12
44
19
47
55
62
30
52
76
6
