83
100
50.0
71
50
9
86
59
40
65
28
43
72
85
2
0
62
91
26
4
76
99
27
4
8
65
57
16
73
24
32
69
10
84
37
13
50
13
91
18
17
96
95
47
56
80
18
68
34
60
10
82
61
32
13
92
94
86
11
28
64
84
44
28
90
91
28
64
25
3
21
46
16
39
97
35
30
39
28
26
98
86
40
77
35
82
68
65
53
5
14
30
84
4
98
93
4
7
82
28
88
14
52
66
23
35
67
58
15
20
68
51
36
2
6
30
22
42
75
68
70
52
25
14
41
5
35
14
26
49
86
74
20
10
38
84
12
2
49
81
24
78
89
68
77
26
5
91
14
55
40
45
31
19
53
86
39
79
40
70
92
25
25
91
1
41
30
59
41
88
33
24
68
25
2
73
30
35
70
28
52
39
18
81
54
25
48
36
60
36
41
5
79
41
68
98
50
13
41
59
23
60
59
98
75
35
84
18
32
13
77
20
54
23
63
41
24
13
28
39
67
59
29
73
64
26
25
79
79
98
59
83
98
32
92
92
86
83
35
18
52
67
82
60
79
84
23
59
68
1
91
54
40
40
67
75
5
25
81
26
19
59
13
36
59
26
41
1
75
14
68
4
2
92
19
60
35
91
28
36
14
68
87
41
91
75
14
23
98
54
48
13
49
10
83
75
23
68
30
30
67
32
23
86
60
35
70
20
29
98
67
4
84
50
40
20
10
20
25
52
70
73
23
92
39
32
25
35
91
26
50
19
18
65
60
50
2
18
13
59
50
84
16
35
14
88
79
35
83
73
16
2
48
14
73
82
48
30
13
60
70
36
65
50
32
70
91
52
70
1
23
91
52
84
68
10
29
54
50
67
26
50
64
91
75
98
49
81
59
75
19
65
29
36
18
49
81
35
29
25
48
24
20
92
41
30
16
32
65
64
92
32
16
16
28
16
1
70
40
91
77
13
23
25
5
30
68
48
30
2
83
79
81
67
75
98
40
52
92
23
75
67
73
20
40
16
79
30
23
50
48
70
68
68
67
26
60
60
32
52
30
32
54
91
67
60
50
83
18
84
32
60
65
28
68
98
59
28
26
81
39
98
25
54
16
18
32
60
18
70
13
50
68
39
13
32
86
10
10
64
36
50
23
19
65
36
53
5
48
25
67
64
25
10
67
91
52
23
59
39
77
91
65
86
1
64
60
82
73
73
81
4
39
5
30
81
28
30
25
13
52
98
36
67
16
52
92
26
86
67
92
40
49
18
39
5
5
79
29
84
75
49
23
91
28
83
23
14
40
5
53
36
40
54
68
79
23
68
65
84
29
91
1
24
24
88
86
26
52
70
48
1
65
48
41
73
52
35
75
39
82
67
54
81
88
1
41
86
23
52
19
49
16
10
24
49
92
64
92
25
49
81
30
25
70
98
16
75
77
50
48
10
1
13
53
23
36
60
40
25
26
24
77
26
39
91
25
82
49
52
36
53
50
1
16
86
54
98
10
70
86
24
41
13
88
54
54
19
36
53
36
64
36
91
88
84
18
1
68
13
19
10
50
1
65
64
48
29
64
18
36
28
70
50
35
83
53
49
50
83
19
40
88
60
36
1
86
36
52
53
86
39
68
30
41
53
16
2
10
13
39
54
28
29
28
84
19
29
30
75
20
67
41
73
14
60
16
84
14
14
1
91
70
23
18
68
28
24
5
16
49
13
59
68
86
19
24
67
41
68
5
32
40
36
68
98
19
84
64
84
60
64
41
19
50
59
53
52
10
79
13
67
60
30
2
50
75
53
28
16
5
18
24
92
73
82
23
16
41
41
23
24
36
40
16
13
49
41
32
36
1
49
23
48
88
81
70
32
35
10
84
73
25
35
49
91
41
88
26
10
86
2
81
5
2
48
32
75
1
88
16
98
20
98
48
92
54
83
48
60
1
1
36
68
36
48
10
64
5
36
86
29
50
83
32
88
14
20
88
2
64
59
60
28
18
49
88
68
79
67
70
19
98
49
52
79
91
26
84
92
84
92
70
53
73
50
39
1
20
2
23
88
2
50
28
92
75
4
32
1
2
81
35
67
54
91
35
10
81
19
92
30
23
23
83
98
49
60
53
39
54
68
28
50
32
23
10
49
49
86
86
48
83
39
10
16
81
40
4
88
16
54
91
14
28
30
10
64
2
75
24
60
48
18
64
19
92
1
65
19
50
88
92
19
86
35
54
25
68
28
52
98
28
60
64
10
70
26
1
98
70
86
28
59
35
98
23
1
53
68
10
36
29
