74
100
50.0
78
27
43
24
37
93
34
91
33
29
62
19
46
91
11
40
32
68
28
17
43
53
92
45
83
48
41
5
95
29
1
16
64
6
45
85
69
31
72
79
4
77
25
51
36
41
10
67
35
18
59
24
14
48
88
19
8
48
80
26
95
50
66
69
60
23
43
54
58
73
51
0
71
24
7
71
16
55
7
60
25
62
44
90
95
96
96
43
47
75
13
77
87
4
8
49
82
74
8
99
89
74
98
20
87
21
12
8
19
71
89
21
37
7
51
81
4
60
58
86
22
66
52
77
36
91
11
45
39
15
43
83
29
4
41
75
51
60
52
74
56
43
62
64
11
51
7
37
48
43
70
8
62
25
81
7
56
63
21
86
58
51
41
56
81
96
41
24
25
3
37
56
11
4
39
58
35
42
82
64
52
98
87
29
24
62
99
62
82
61
94
70
48
51
9
16
52
41
4
95
37
25
66
52
43
58
19
87
35
89
16
71
35
8
91
58
87
83
36
29
35
30
61
29
83
38
24
71
61
65
82
43
35
11
95
2
37
83
60
24
35
65
57
96
45
86
75
30
39
81
99
69
38
7
91
11
58
25
25
71
21
77
21
30
84
51
77
39
61
84
82
41
67
69
36
83
75
99
19
45
96
70
77
81
61
66
83
61
91
42
7
52
82
64
4
41
95
61
69
7
64
11
36
41
95
58
70
86
43
61
87
43
35
76
75
95
38
69
21
61
4
52
48
7
58
96
43
62
96
65
61
86
99
62
16
51
16
74
60
36
24
45
62
74
69
35
83
29
35
87
60
48
86
91
89
16
96
8
82
81
82
84
87
95
56
16
60
69
81
60
96
74
35
51
69
35
41
77
86
69
64
65
81
67
39
91
75
24
41
30
24
30
52
69
81
4
84
64
87
29
66
99
36
4
67
74
99
24
48
19
51
66
7
8
48
56
77
86
95
75
56
69
75
7
24
71
19
91
65
83
4
25
48
8
84
58
45
4
43
91
42
43
19
37
25
83
51
29
65
21
25
87
77
62
60
35
99
30
82
82
42
96
39
99
52
4
38
61
60
42
11
4
95
69
16
66
51
82
61
97
70
77
11
89
24
87
87
67
39
69
86
82
41
74
75
45
87
67
4
42
77
41
24
4
48
16
43
7
19
36
77
87
21
45
21
21
45
29
38
56
35
19
56
83
29
83
64
29
64
64
36
61
39
35
67
41
29
52
81
98
69
19
61
37
56
38
24
19
4
41
95
39
43
39
62
89
60
82
29
48
24
56
82
82
64
58
60
65
36
30
38
86
43
64
83
52
52
87
74
37
62
25
41
86
19
60
19
11
81
52
64
87
48
58
48
99
8
62
69
43
39
37
83
56
89
87
56
8
43
52
51
74
29
89
41
38
87
41
21
98
75
96
62
39
64
67
35
87
8
83
99
35
43
66
56
77
84
96
25
8
41
77
67
7
8
96
4
66
38
36
7
36
86
71
67
98
77
43
82
51
71
4
66
99
21
24
39
37
87
64
7
43
75
69
41
77
65
43
41
91
24
69
35
98
4
75
56
45
65
66
51
77
67
67
35
52
82
81
89
45
62
81
16
96
36
74
67
74
86
81
7
48
64
96
67
30
64
16
25
29
37
96
74
87
36
52
51
61
30
86
19
4
98
7
66
4
29
60
19
56
38
39
95
21
19
58
96
21
84
35
43
58
66
39
86
87
91
41
86
98
30
83
99
75
41
58
87
16
24
58
51
60
74
8
82
45
29
11
29
99
24
65
77
61
37
48
38
11
38
69
95
21
11
8
39
67
37
87
38
37
95
42
56
96
81
83
29
45
37
87
77
7
99
81
74
67
75
41
70
71
71
82
48
62
62
77
36
21
36
82
98
77
67
71
95
81
25
51
83
62
96
52
19
75
51
38
83
43
66
61
77
77
38
8
24
51
41
11
16
98
83
62
87
91
38
95
45
84
19
41
51
86
67
99
61
42
95
45
89
25
25
30
61
21
51
42
65
62
75
67
25
74
4
81
36
45
96
16
58
99
35
91
21
89
16
35
82
69
21
96
42
52
82
37
74
39
77
62
37
87
45
7
87
89
61
65
65
66
74
61
67
41
19
99
99
60
58
98
60
25
61
48
21
19
96
56
65
67
51
7
8
4
84
52
64
41
71
45
58
70
45
52
8
75
36
98
67
36
56
7
45
7
62
64
56
83
89
82
71
81
75
24
19
69
30
16
48
74
45
71
71
41
77
52
87
38
38
51
58
96
