73
100
50.0
4
93
50
22
1
70
18
26
45
7
17
76
11
55
48
68
22
81
63
62
99
71
40
58
83
41
21
87
32
93
47
93
4
93
6
79
44
64
71
69
15
73
66
73
58
7
85
82
36
65
20
14
53
24
31
43
47
13
80
10
27
72
90
78
71
46
16
72
35
46
84
19
49
67
89
40
53
17
5
42
89
57
37
5
39
53
16
23
68
22
88
34
72
45
38
8
89
17
12
92
33
96
10
11
97
17
29
73
71
60
11
0
0
40
28
22
77
29
28
74
56
54
51
58
17
3
86
32
27
98
48
46
28
48
92
65
71
50
52
39
25
65
12
16
2
4
28
24
52
53
61
83
59
53
94
65
6
53
89
47
24
92
22
75
56
12
46
5
53
12
54
31
89
58
53
46
91
24
44
89
44
22
10
60
22
9
5
7
52
73
96
77
95
11
72
12
50
52
4
13
28
89
77
31
17
96
27
40
95
91
24
16
12
44
71
31
44
30
10
7
31
93
83
58
28
53
7
72
39
31
32
16
40
24
65
7
65
53
60
0
53
54
27
32
47
16
73
89
29
89
24
41
0
71
91
73
40
12
98
46
10
0
83
10
73
41
39
39
46
53
30
6
17
54
4
56
71
9
52
96
7
12
71
60
30
96
32
60
73
46
13
40
52
98
6
83
29
7
74
47
28
27
98
83
22
10
56
77
22
95
56
40
44
0
46
54
83
30
74
52
16
39
6
32
11
92
92
96
95
92
11
58
48
4
91
52
39
56
91
89
53
73
30
22
77
48
9
77
65
9
54
68
96
7
58
77
68
91
46
73
98
10
72
44
52
56
95
68
44
46
68
30
4
16
4
45
52
27
11
11
17
92
95
31
16
40
72
24
56
5
40
83
73
65
12
96
48
74
5
54
98
45
89
32
13
73
40
32
50
46
22
27
73
41
11
83
93
72
50
71
24
9
5
28
47
11
52
30
39
93
16
10
54
31
46
58
24
72
30
10
44
46
16
4
65
12
45
89
10
7
71
91
52
93
22
4
83
45
22
4
53
13
73
74
71
41
56
60
71
29
5
54
98
77
93
93
39
7
53
56
91
13
47
72
13
48
45
68
50
4
16
22
56
31
47
45
92
16
71
40
92
92
74
12
50
89
56
30
50
48
48
27
58
95
30
54
52
58
22
5
27
17
17
53
89
83
74
74
83
11
22
13
56
5
53
54
48
13
12
68
7
27
5
91
16
40
68
5
16
53
52
16
93
53
83
13
11
50
52
96
4
29
72
28
95
16
68
22
11
47
95
32
56
68
32
22
16
6
7
24
74
98
9
72
93
32
65
60
56
0
60
60
40
53
56
93
89
17
27
28
83
32
41
73
32
7
83
6
5
48
71
0
56
32
10
46
72
12
95
54
54
17
52
52
6
6
6
54
58
12
68
32
60
52
40
98
45
10
50
0
91
56
39
31
72
50
9
22
47
50
12
39
52
54
27
0
65
12
6
74
68
27
48
47
53
11
54
68
73
77
12
10
50
92
13
27
27
48
4
13
46
91
22
72
47
52
29
6
47
27
53
44
50
74
12
41
41
7
7
31
22
65
56
30
7
50
40
98
4
5
16
31
13
47
39
6
22
74
10
54
4
28
28
27
73
7
54
65
91
13
24
22
13
60
13
11
24
13
96
48
48
40
32
92
16
31
95
39
56
24
12
72
58
32
39
6
13
4
11
74
93
9
10
47
52
96
98
24
46
52
74
16
45
65
13
5
65
12
24
31
71
32
31
98
46
41
39
89
91
10
54
39
77
68
74
9
40
60
47
91
73
13
54
91
89
29
91
58
73
73
11
47
31
9
4
16
13
53
71
98
9
54
45
98
77
29
92
13
95
16
77
77
53
27
45
93
22
77
30
16
7
50
48
95
58
98
91
73
47
31
27
83
56
72
56
56
83
91
83
73
91
89
65
50
12
56
24
73
98
13
28
68
98
48
4
83
6
74
10
71
73
45
65
54
11
9
65
7
46
46
30
45
91
10
65
68
44
0
48
16
28
65
27
0
22
48
16
30
5
73
22
48
29
11
12
72
45
60
9
29
52
31
77
91
22
27
68
48
93
27
9
93
60
53
44
27
73
13
83
11
52
50
95
40
0
13
9
74
7
41
5
11
9
58
6
93
65
58
16
13
74
89
28
10
68
68
13
10
60
39
74
41
12
31
68
53
7
11
96
39
22
77
58
13
13
9
58
13
53
56
9
28
93
77
71
96
0
39
53
46
