41
100
50.0
92
28
20
64
72
57
53
96
10
31
89
76
79
67
94
57
63
55
6
25
59
42
43
17
93
60
71
41
81
8
98
62
12
52
39
21
89
73
55
47
96
4
43
36
96
37
60
45
78
15
72
24
48
19
61
46
50
14
81
3
66
99
38
13
56
51
98
43
9
85
97
18
39
37
91
55
75
74
8
51
11
73
60
26
16
57
34
8
77
95
39
47
41
68
30
31
18
60
36
36
82
5
86
78
47
81
52
80
60
43
33
66
64
44
2
98
97
39
90
45
7
87
37
66
74
32
43
31
61
83
45
72
74
59
72
39
25
9
22
97
65
0
7
54
83
25
89
96
70
18
51
30
89
59
41
74
36
81
41
25
31
97
40
83
61
60
54
74
7
58
23
30
89
85
54
88
47
73
60
0
95
80
51
83
0
80
47
44
49
98
36
35
69
72
31
30
9
31
36
98
64
61
98
45
41
85
66
36
59
36
89
43
51
92
37
30
47
95
57
31
85
57
96
66
58
8
52
49
22
9
25
85
58
88
45
22
78
60
47
31
97
0
61
7
59
58
36
66
18
92
88
44
60
18
30
70
54
72
86
44
95
44
73
1
82
41
39
95
78
30
7
54
57
92
61
41
52
30
86
37
83
27
58
72
82
29
97
74
54
57
22
73
89
86
84
74
59
88
16
0
31
18
30
64
61
30
43
36
18
41
86
98
8
37
31
66
80
61
80
57
73
60
57
98
27
86
96
74
16
60
44
52
22
22
52
47
25
86
54
55
83
7
70
78
96
41
52
78
55
31
45
49
25
0
89
7
49
84
82
51
86
47
54
73
74
92
52
59
72
7
45
58
16
41
52
39
74
7
88
72
57
61
18
95
96
57
18
27
74
74
37
59
18
98
86
60
51
47
8
22
27
9
36
81
73
70
97
72
8
89
49
85
39
22
81
55
88
97
82
43
97
52
58
72
72
73
60
49
84
27
66
16
16
95
64
78
43
37
66
8
55
36
84
52
80
92
43
80
78
44
83
30
18
43
74
44
7
82
54
73
25
70
36
88
55
61
81
60
81
27
43
61
44
25
97
58
57
51
44
57
82
0
0
95
0
74
36
36
81
61
45
54
95
27
81
64
37
47
7
92
74
60
43
88
39
54
84
16
84
70
39
72
31
51
89
88
81
88
66
37
98
27
54
98
96
39
51
83
61
70
16
41
80
59
86
83
98
31
41
27
73
52
57
25
64
31
81
85
27
96
37
51
39
25
85
64
30
88
60
95
97
39
78
96
27
52
51
80
85
72
27
58
55
18
36
25
70
66
39
86
74
89
44
89
22
59
47
78
97
55
64
74
25
60
70
18
96
80
44
9
80
47
27
16
54
0
25
25
30
88
83
16
7
73
31
92
41
85
59
61
78
30
9
54
66
70
57
7
57
84
70
0
51
82
44
73
59
44
51
49
16
84
88
18
70
16
45
57
82
60
74
31
25
31
88
41
55
7
81
41
89
45
95
45
92
7
37
66
8
88
7
54
9
74
44
16
47
36
85
60
80
98
41
22
27
51
61
57
59
64
98
30
88
9
39
45
74
30
0
37
97
89
85
0
39
27
84
43
83
27
60
31
64
97
41
64
45
74
8
0
83
64
47
8
25
7
57
16
9
57
36
88
37
86
18
7
97
59
81
98
7
95
16
54
70
30
95
55
8
61
52
61
92
64
16
47
92
55
78
74
16
51
81
43
49
92
58
82
72
81
39
16
43
72
59
58
7
73
72
61
61
82
97
86
61
49
98
0
98
52
60
98
61
37
60
70
85
72
80
54
74
37
36
44
37
82
58
78
98
95
44
8
88
37
64
41
45
51
89
22
37
83
86
80
59
25
31
97
59
60
84
54
9
37
83
57
0
64
9
7
78
41
82
60
84
64
27
72
60
57
73
18
54
83
36
58
70
98
66
72
7
18
36
18
27
70
57
70
82
39
7
95
54
58
25
78
61
80
45
83
98
0
84
88
7
45
58
37
64
78
25
66
88
84
37
88
72
64
74
80
58
70
70
96
98
9
61
0
88
74
45
70
9
41
52
72
92
43
16
22
73
49
82
55
27
7
60
36
57
52
7
7
72
44
52
98
37
25
30
92
31
85
9
83
43
31
58
22
57
43
78
86
85
96
7
82
59
97
86
83
54
81
9
81
54
57
85
83
22
92
84
97
84
98
54
43
58
70
9
88
82
61
81
78
98
80
22
7
22
80
58
70
96
54
36
31
45
39
83
66
