95
100
50.0
78
18
93
32
30
89
8
50
19
90
29
69
81
86
44
34
37
23
31
41
21
95
93
56
5
71
85
80
25
49
20
72
66
98
28
37
51
56
27
65
10
40
11
95
93
1
36
88
22
55
15
92
95
27
69
83
70
48
99
69
54
42
99
26
56
72
2
9
84
53
27
52
52
4
28
8
77
57
55
28
53
57
73
69
47
92
57
70
62
75
80
69
15
34
72
92
70
13
63
51
76
93
64
87
49
20
57
38
37
93
72
84
34
53
96
0
69
93
65
37
33
91
59
74
95
14
90
33
46
95
27
80
15
48
22
72
20
51
93
49
53
93
71
22
70
69
40
90
6
93
53
93
40
51
90
43
15
91
33
46
68
15
95
68
48
82
79
35
3
74
72
34
65
48
7
3
56
25
24
48
56
3
54
22
80
97
16
34
6
39
51
3
95
57
37
15
27
84
72
45
38
82
15
92
68
95
58
61
56
49
57
71
27
56
22
90
69
74
97
74
40
93
38
55
15
76
99
17
51
52
20
58
16
38
58
65
92
84
48
84
90
82
15
91
67
52
80
69
55
8
60
15
22
20
84
51
3
70
71
8
90
82
95
58
65
54
48
94
94
95
37
28
51
67
15
25
33
49
61
67
28
17
91
20
73
46
69
97
33
94
12
67
73
94
49
74
84
55
91
48
3
80
90
33
40
53
53
90
16
56
53
97
99
15
34
55
94
84
56
92
38
67
6
91
65
68
71
93
79
65
34
93
51
74
3
6
99
97
6
97
3
90
61
95
27
6
72
94
61
76
28
55
93
79
74
28
65
72
94
48
52
22
90
27
74
95
76
76
76
15
90
56
99
25
52
38
20
95
69
84
52
48
33
46
69
91
93
82
28
56
15
20
48
90
92
71
68
6
54
82
97
25
53
20
95
20
46
73
91
40
73
80
99
91
69
65
55
28
79
58
49
99
53
38
56
73
73
33
6
22
70
93
54
51
33
37
38
17
40
28
68
97
40
53
95
49
65
16
20
76
74
67
73
54
48
56
61
92
58
55
37
72
52
72
54
93
97
57
84
68
61
97
40
69
53
61
49
97
34
71
71
34
16
16
40
3
48
61
8
94
3
90
40
91
25
92
95
16
61
79
54
54
93
34
72
20
51
61
40
72
37
27
93
22
33
55
40
20
46
51
51
40
99
55
76
8
28
22
33
54
74
95
97
8
27
82
56
27
91
28
20
8
99
52
84
97
20
53
48
65
79
82
95
80
33
72
68
25
17
27
93
8
79
6
22
48
74
58
15
55
69
74
33
95
52
16
48
16
68
3
46
97
3
16
15
70
71
3
97
84
82
65
37
57
92
22
20
67
67
25
54
8
40
57
54
94
53
40
65
37
94
6
8
97
70
73
95
90
92
61
61
37
67
92
84
34
22
37
20
28
3
54
33
8
99
17
15
22
6
57
46
61
51
74
73
6
37
52
51
79
55
20
91
56
61
67
3
67
93
91
17
68
52
80
34
27
38
94
55
74
67
15
51
94
69
3
56
38
84
17
17
99
65
99
53
8
54
16
51
74
97
56
97
79
57
3
17
95
37
68
93
61
52
97
61
56
28
76
61
37
49
84
68
80
68
48
70
57
46
48
70
3
56
57
52
3
57
17
16
76
94
34
99
38
38
72
71
48
80
70
67
84
52
28
84
72
28
49
27
69
65
6
91
40
67
67
65
91
33
84
79
54
61
38
91
20
3
8
92
57
37
38
22
38
40
91
8
68
72
56
25
94
91
38
37
15
3
46
34
52
90
73
74
61
16
57
34
67
95
57
52
95
38
91
70
53
56
57
80
68
17
70
67
82
82
80
8
80
79
90
82
34
72
58
53
25
25
53
8
92
68
70
73
71
48
99
68
80
91
27
17
52
68
17
28
15
8
95
52
38
40
73
53
79
58
25
76
91
54
72
49
67
80
80
53
51
72
6
38
28
8
55
54
84
97
3
8
93
94
67
54
57
79
71
40
73
17
8
90
57
58
56
16
54
71
99
65
73
22
82
68
54
97
99
70
38
72
95
15
55
74
65
28
34
37
80
68
65
68
99
52
76
68
91
46
57
27
56
79
51
37
38
49
93
67
49
48
90
90
67
73
53
16
55
58
69
56
70
74
52
67
90
79
82
95
51
65
46
48
49
49
20
92
53
38
84
69
73
71
58
34
80
99
67
79
54
80
28
80
40
3
40
55
53
17
91
70
97
3
84
57
80
93
84
25
27
93
15
38
49
