91
100
50.0
85
44
46
73
65
95
77
43
68
24
88
80
31
3
48
0
93
68
13
21
40
89
10
44
46
79
90
13
11
13
84
73
13
18
97
42
69
29
89
60
7
25
37
55
47
75
92
7
45
12
20
72
32
44
21
22
81
54
16
37
52
1
66
17
4
14
97
74
78
49
28
15
50
99
82
58
41
89
61
91
31
66
40
57
28
27
5
90
74
98
29
30
34
25
86
44
4
68
1
72
45
77
29
0
78
36
37
29
68
9
53
21
90
38
34
53
33
35
58
7
15
26
71
2
4
72
72
90
39
80
40
8
73
94
44
7
40
34
51
87
21
23
31
76
74
79
46
77
79
53
70
62
84
77
8
56
70
68
47
13
72
79
71
46
58
63
65
31
39
89
12
71
8
44
70
94
7
19
68
15
57
73
63
89
89
12
28
13
79
96
84
39
79
83
75
97
46
78
94
73
39
45
31
29
8
63
58
68
80
73
6
97
21
66
7
1
12
80
15
71
79
70
94
97
40
25
63
4
57
46
80
31
71
75
34
35
57
15
62
59
35
63
94
80
84
90
0
66
70
39
44
44
57
75
53
94
94
74
84
97
73
71
65
71
71
78
37
57
94
73
68
70
64
80
34
12
70
53
35
74
35
65
94
78
79
35
63
15
73
0
94
13
4
6
46
15
51
65
67
25
21
65
21
31
35
53
63
40
47
51
65
34
75
65
83
5
6
47
63
94
51
7
74
44
72
0
7
5
65
13
84
6
57
73
4
72
15
7
6
28
5
59
97
45
59
79
37
8
75
78
12
7
39
62
90
74
58
78
71
15
1
57
84
62
70
15
90
15
35
7
39
37
83
79
6
39
39
66
5
44
97
83
63
44
57
13
89
4
62
66
44
12
15
7
75
94
68
31
62
31
8
6
21
59
35
34
51
72
7
4
79
34
40
4
80
68
35
44
25
68
80
79
62
1
79
65
80
45
35
37
15
89
34
5
31
12
12
1
83
97
1
97
68
31
25
77
8
68
63
0
94
94
29
63
62
0
70
25
6
47
84
94
4
1
74
34
35
79
0
53
29
59
29
39
35
1
4
79
70
74
31
1
1
21
73
84
8
28
73
39
40
77
75
57
73
34
21
74
57
28
84
51
31
34
74
83
28
29
75
97
58
7
57
46
46
97
25
35
66
35
66
45
37
29
75
80
68
31
68
73
44
78
21
68
31
35
4
75
83
12
94
74
83
35
12
90
97
31
68
71
75
35
68
77
6
7
13
7
8
40
73
79
65
84
44
7
8
53
75
37
79
0
59
31
65
29
39
53
40
70
4
84
51
83
37
72
8
94
97
5
39
77
31
4
29
63
94
0
78
90
37
90
39
59
6
70
44
62
15
73
72
44
77
97
94
83
72
78
47
79
70
53
8
29
89
63
89
46
84
13
0
63
29
53
25
94
53
40
66
84
62
39
75
84
45
29
15
80
58
4
89
65
83
97
62
8
73
75
6
51
28
35
57
68
65
79
1
0
0
44
6
7
39
28
90
83
37
94
74
97
63
90
72
89
89
65
12
83
63
25
83
78
46
51
13
46
89
89
53
21
4
80
79
89
73
35
7
71
29
79
5
79
70
89
94
83
70
13
58
62
4
79
70
40
51
90
89
74
63
94
66
89
7
4
46
1
68
28
84
8
58
79
34
73
29
74
90
25
0
39
44
75
21
35
37
53
28
13
89
94
12
80
68
68
57
25
68
8
44
21
4
39
13
35
63
62
34
58
28
13
75
7
5
8
45
34
90
62
80
34
1
78
74
57
46
0
71
39
89
44
80
94
75
84
66
4
1
47
31
71
7
63
29
28
46
34
51
1
47
13
63
63
8
75
63
59
97
39
90
62
63
4
58
74
34
35
0
51
28
73
12
65
40
94
45
70
29
12
6
25
66
7
5
47
7
12
74
79
4
25
12
44
8
21
58
1
84
71
78
37
34
46
94
90
37
70
37
34
78
21
29
53
12
72
46
35
73
74
40
58
65
71
13
0
62
15
71
8
34
5
25
35
12
1
71
29
83
72
94
4
78
21
59
6
7
70
35
45
1
35
15
66
77
44
35
31
47
1
39
40
72
78
65
84
94
21
66
5
94
78
35
29
66
68
34
66
89
80
45
75
53
59
74
83
62
29
29
73
68
73
89
63
71
25
0
39
21
57
51
37
65
8
90
5
37
79
79
12
90
1
68
51
6
72
73
8
73
28
57
84
58
34
45
74
40
51
94
80
44
34
