24
100
50.0
6
78
92
67
17
27
71
44
2
7
99
98
40
4
89
70
28
28
74
6
20
68
83
29
90
42
6
28
15
90
96
6
87
32
9
89
85
15
55
96
19
97
38
39
23
25
24
51
43
69
38
32
28
91
59
90
54
73
69
10
52
98
16
98
33
30
6
21
22
98
15
59
0
48
31
0
94
3
57
81
39
72
44
66
15
14
34
84
35
60
37
57
76
75
73
88
90
45
72
70
72
38
6
33
9
38
98
93
22
94
88
1
9
8
12
97
53
38
80
36
63
98
58
11
8
89
89
11
28
41
33
26
11
11
82
43
27
60
33
9
53
15
62
88
95
33
58
1
94
18
26
86
11
0
73
66
79
72
75
70
75
64
66
41
56
15
98
41
5
50
1
77
6
43
5
70
89
97
5
44
73
66
69
97
66
73
58
9
90
27
11
53
73
90
28
0
8
32
57
72
36
15
3
19
11
57
73
86
76
47
6
2
49
73
12
15
94
96
11
69
53
12
72
94
65
73
86
50
69
90
27
97
6
44
26
36
15
2
36
12
88
0
59
39
41
97
94
15
53
8
49
73
65
2
44
90
9
66
50
61
28
9
32
0
28
70
36
39
38
96
94
95
44
70
41
53
27
15
27
66
15
53
33
60
98
60
27
97
53
65
28
97
64
6
73
41
36
69
86
5
0
88
97
26
12
6
70
11
59
3
6
76
44
64
15
70
69
98
32
53
59
41
3
33
1
12
90
38
76
49
2
11
0
36
46
90
86
86
76
27
64
72
11
88
8
98
88
49
43
8
53
59
76
60
36
28
58
86
1
88
8
27
43
88
75
72
66
8
19
32
72
65
9
96
9
69
72
58
64
41
88
50
11
69
64
8
86
89
69
86
50
98
49
60
50
39
8
11
13
33
95
1
9
8
66
2
49
36
97
1
22
89
11
70
27
95
69
60
19
65
33
0
22
5
38
44
88
95
96
89
27
70
19
64
86
57
89
57
5
70
95
59
2
32
28
22
11
95
36
70
0
75
65
6
28
94
89
22
9
36
27
95
3
12
90
58
98
3
26
65
1
90
57
6
73
3
65
60
76
86
60
96
8
27
98
6
59
58
2
26
0
98
28
32
39
13
11
19
58
22
58
19
49
72
60
96
3
26
76
2
53
41
65
44
12
65
12
57
32
90
58
53
9
8
28
36
53
11
69
76
1
97
50
96
41
22
75
60
41
57
98
97
75
39
69
98
44
9
39
53
19
57
86
9
96
22
89
89
90
3
12
64
39
36
6
70
57
22
27
65
89
6
58
75
97
6
66
2
65
88
50
49
11
6
64
32
26
75
98
65
9
86
32
66
57
41
53
94
70
75
72
96
73
58
59
11
86
59
0
90
28
11
43
59
26
19
15
96
36
70
95
26
60
36
28
88
39
28
66
69
19
28
28
53
70
89
15
5
57
43
0
57
36
97
5
9
72
33
38
11
57
73
9
70
70
41
6
5
65
2
38
41
57
38
97
2
76
98
36
5
98
53
73
26
76
60
50
2
59
50
0
2
53
8
6
43
26
43
97
94
39
6
0
38
19
27
26
59
94
88
3
76
12
65
9
44
60
15
6
64
69
19
75
27
41
41
9
1
65
60
28
36
26
96
33
86
38
0
72
66
90
32
0
26
15
58
28
8
44
70
19
89
53
98
65
15
64
66
98
76
41
58
1
33
86
0
6
59
41
76
43
96
11
28
90
32
59
72
22
41
32
32
98
88
72
44
69
70
5
72
12
27
38
22
69
44
59
13
41
72
12
44
73
13
73
15
8
0
60
41
86
13
95
98
60
72
6
28
39
95
3
70
26
9
32
96
41
43
58
58
5
98
94
88
59
8
65
38
15
22
27
12
75
0
86
88
95
39
11
72
98
66
6
33
72
26
59
90
0
64
27
3
88
6
43
94
5
69
27
41
75
8
73
38
5
65
73
76
44
13
44
9
90
53
57
75
19
60
41
8
95
59
6
72
38
72
3
0
22
38
15
59
8
11
13
19
22
88
1
38
70
3
64
12
3
6
60
0
38
49
27
64
27
86
3
28
70
69
13
72
33
90
6
50
88
69
60
6
26
65
19
59
36
6
0
12
8
15
69
57
70
59
12
9
58
27
72
27
22
3
86
98
73
9
88
97
57
97
33
2
94
50
39
89
57
3
26
44
5
70
32
11
66
33
66
75
94
44
19
70
97
32
33
88
57
50
3
19
11
26
41
19
64
59
58
95
57
2
95
98
