10
100
50.0
11
61
91
38
51
37
28
95
44
87
90
53
68
63
75
41
18
18
64
45
12
6
41
81
92
34
79
46
17
15
72
73
15
48
66
82
19
92
88
73
19
61
6
58
29
78
1
21
14
92
65
5
31
36
85
39
69
74
16
43
67
84
43
1
1
56
70
22
40
1
69
73
71
1
47
46
23
17
52
48
76
77
64
39
97
9
79
12
39
65
23
26
55
7
65
22
13
84
39
48
84
32
62
77
61
19
12
25
19
43
69
16
12
58
61
23
43
9
59
84
10
45
83
39
6
39
38
47
15
39
78
93
76
18
94
96
61
1
26
79
22
32
89
77
25
33
19
15
64
59
24
12
38
8
65
58
84
48
17
81
98
81
79
46
77
45
35
30
19
60
41
59
3
50
51
77
41
39
58
71
48
1
78
87
25
2
42
59
58
64
99
46
54
6
84
47
52
51
79
26
0
83
59
15
23
32
20
15
73
43
38
17
65
39
86
4
22
81
81
1
18
35
17
61
57
33
77
81
64
81
49
78
33
35
80
17
71
16
86
98
23
6
38
47
76
0
27
84
95
39
54
32
1
65
73
92
47
6
81
41
18
35
0
71
15
12
16
22
43
69
78
87
95
77
41
0
9
87
6
25
95
47
59
19
77
64
52
12
1
83
51
87
87
26
23
95
32
33
81
25
77
23
18
22
48
35
81
77
1
33
81
58
22
64
86
79
95
52
22
38
45
79
76
32
16
48
96
32
35
81
79
17
65
23
76
54
87
33
81
42
12
83
92
73
52
25
92
25
32
98
58
64
12
47
12
54
81
87
77
1
78
98
69
16
0
19
52
25
18
6
79
25
87
78
95
0
22
15
73
96
77
95
64
19
65
79
84
16
77
73
71
41
41
52
0
33
58
43
98
77
1
81
35
65
79
61
47
0
32
43
35
84
18
71
78
26
78
32
96
83
35
71
86
84
39
76
43
61
43
48
43
95
35
16
45
12
26
54
52
81
32
73
65
87
59
61
64
19
52
64
87
19
18
76
64
61
17
46
71
59
71
12
46
47
15
51
51
59
26
45
59
35
23
16
12
71
6
6
77
58
84
46
12
35
69
41
52
43
81
35
9
61
83
6
16
77
46
76
41
95
35
96
0
78
43
45
19
45
51
6
83
59
22
45
79
22
84
1
84
65
9
18
17
79
32
83
81
45
65
98
73
73
98
39
69
41
59
23
81
33
59
33
26
76
18
18
81
17
61
71
83
54
87
18
47
12
73
69
33
42
22
59
18
17
15
23
25
17
22
81
95
9
19
16
6
18
79
98
35
39
92
77
95
32
12
18
51
23
59
78
33
16
25
35
92
76
52
98
42
9
35
48
9
59
32
15
58
79
78
61
22
32
18
32
1
33
64
78
47
87
51
26
48
39
15
38
19
19
86
54
35
65
45
48
9
87
54
23
65
61
45
95
59
32
42
33
43
42
61
12
41
73
35
98
69
16
16
98
15
16
17
42
38
79
81
58
59
23
38
76
73
86
65
15
73
65
1
35
23
78
84
6
54
19
45
95
18
33
9
54
25
73
48
87
39
18
58
33
83
83
17
45
45
47
38
43
47
79
22
39
9
16
43
81
61
73
6
54
48
42
41
81
25
19
87
69
73
52
18
15
45
38
32
22
41
42
43
81
38
47
15
81
59
42
41
77
61
15
9
98
19
42
81
33
51
42
46
6
43
92
15
59
76
22
95
58
16
61
32
16
54
9
77
69
77
71
95
16
65
79
1
17
59
1
35
12
19
19
71
95
19
76
39
33
16
19
69
77
17
77
64
83
83
86
98
65
77
38
86
52
33
15
45
42
32
45
64
54
46
65
61
46
59
51
17
42
84
42
25
65
84
41
86
15
73
42
92
65
83
6
46
95
69
52
48
77
43
59
73
98
95
71
6
42
83
76
65
61
12
83
16
79
16
48
84
54
92
71
52
92
59
69
65
81
25
33
98
22
78
96
58
76
42
98
59
51
81
19
73
48
18
9
16
73
59
65
64
9
69
47
38
38
69
64
9
12
73
41
51
32
52
22
92
84
48
26
61
15
42
22
76
59
32
87
9
25
19
23
38
25
19
59
58
17
64
95
39
65
6
15
73
76
38
83
16
12
98
92
19
46
18
0
61
33
41
98
39
32
98
61
47
9
19
25
18
42
65
48
25
22
15
42
95
41
6
18
42
16
71
69
48
47
98
41
39
54
19
69
77
41
42
51
23
69
19
95
16
25
87
58
