9
100
50.0
29
42
79
61
76
30
53
38
59
49
14
64
41
89
19
59
24
74
49
48
17
48
62
3
15
42
98
57
36
84
21
84
18
83
17
92
23
90
73
26
41
72
11
46
50
6
85
72
84
54
86
2
84
77
10
12
5
2
45
9
93
39
13
44
40
0
32
35
14
1
29
85
80
56
46
12
38
32
78
4
8
66
84
84
78
32
39
55
1
4
90
47
45
87
30
75
39
3
84
82
74
51
95
1
41
65
44
32
43
84
41
82
23
41
60
96
17
39
29
4
37
23
41
83
32
45
32
72
7
44
48
20
45
46
34
4
97
13
77
82
32
85
94
95
33
30
88
71
81
25
1
13
59
77
82
44
42
21
13
29
14
22
91
46
46
30
97
85
14
41
68
67
97
49
84
67
7
95
7
16
44
85
49
30
59
48
17
29
97
22
43
99
3
9
9
91
77
84
23
82
85
90
85
17
63
70
48
83
45
7
31
90
38
67
82
60
31
43
43
17
77
59
74
29
23
77
48
14
84
41
95
14
58
4
45
97
39
49
3
22
31
39
43
28
12
4
29
7
48
38
59
7
21
82
31
2
29
38
14
99
44
45
22
91
1
77
41
59
90
46
68
45
52
67
17
60
2
49
66
84
1
52
67
43
67
14
32
28
66
59
78
38
7
48
69
91
13
9
95
72
74
95
21
99
46
38
74
73
82
14
14
41
73
7
85
3
73
17
45
48
28
95
1
82
45
41
9
90
99
68
27
52
85
69
66
29
82
4
67
99
49
59
31
42
43
9
72
31
78
38
84
14
82
2
69
1
85
13
99
72
2
91
66
66
59
90
45
21
27
42
66
30
69
52
29
21
3
73
39
90
66
43
84
77
46
32
21
12
41
73
9
85
59
31
97
2
43
97
69
30
9
59
95
66
38
59
99
4
7
52
67
14
27
2
69
13
68
13
30
48
9
7
90
13
68
31
77
49
38
60
17
27
28
12
43
69
73
21
2
91
9
1
1
9
17
52
28
73
7
85
4
3
38
84
73
29
73
82
17
77
59
4
85
84
13
17
59
2
17
17
32
49
45
28
39
74
73
31
90
49
2
45
74
60
78
68
66
85
77
43
1
21
77
29
42
27
22
17
95
77
90
30
29
9
17
2
69
3
49
39
4
95
14
32
85
99
9
83
43
38
85
27
2
7
99
49
68
7
29
77
22
91
49
46
78
12
13
45
28
3
83
32
30
99
27
7
67
29
13
67
84
60
44
83
30
42
95
78
91
23
7
97
17
14
30
72
74
60
52
28
29
48
97
42
45
28
28
73
95
13
97
44
9
68
43
23
39
48
17
52
48
83
83
83
85
30
59
49
13
39
90
52
74
9
48
43
59
85
95
32
43
42
74
9
23
32
85
14
73
59
32
95
21
27
38
42
68
45
2
67
74
99
23
49
82
85
4
68
45
60
45
95
23
67
52
84
30
30
49
49
44
95
68
21
45
38
99
68
41
29
67
9
31
44
29
30
97
29
23
43
60
46
52
77
17
60
1
82
17
85
42
39
59
13
13
60
14
42
85
52
41
69
29
28
22
41
49
43
2
85
78
48
66
67
46
78
22
46
48
52
41
68
91
7
29
74
91
48
39
28
28
1
30
12
45
91
4
77
52
23
27
66
29
67
13
39
17
52
52
29
12
29
49
32
12
45
41
12
91
2
22
74
29
60
85
67
78
9
4
7
38
44
31
77
41
3
48
4
85
4
45
30
78
12
84
32
91
29
91
14
23
42
22
23
78
45
90
90
69
17
13
13
14
48
22
77
32
3
44
12
7
7
41
17
13
66
28
49
44
32
84
46
48
22
1
91
67
42
69
66
21
43
7
83
99
44
91
28
12
52
59
1
1
38
43
14
22
31
23
23
77
38
48
22
78
46
30
13
7
85
3
85
46
90
68
60
77
13
66
46
29
78
9
60
7
84
83
29
44
82
27
84
22
41
45
83
97
13
1
60
67
17
44
69
49
42
45
29
69
32
83
84
52
66
41
1
46
27
27
9
46
2
2
42
1
32
30
99
48
12
2
95
68
23
4
84
38
85
41
97
49
73
72
97
1
29
48
78
2
39
2
85
43
85
41
74
27
72
12
12
1
3
23
59
29
27
29
59
69
1
82
97
67
91
29
22
83
48
43
41
49
67
4
21
84
3
23
7
44
84
30
84
32
95
48
59
3
46
12
77
39
45
17
90
83
82
4
52
84
84
72
2
72
59
22
27
9
29
22
39
