18
100
50.0
64
94
48
84
2
38
89
71
21
39
38
86
28
42
66
96
40
66
96
34
74
10
70
87
19
55
62
97
63
98
75
37
23
67
31
0
16
58
0
87
8
18
8
56
77
35
58
5
83
58
42
9
17
57
99
81
25
3
29
23
46
45
76
72
88
7
50
87
8
66
54
14
49
59
95
63
50
0
48
76
23
15
54
93
90
18
78
65
69
41
48
81
44
61
65
33
20
92
48
43
96
23
55
73
37
76
54
40
66
16
48
32
81
73
38
80
65
53
6
24
40
48
12
52
93
5
55
78
53
92
51
27
51
60
38
13
63
65
85
55
36
11
23
18
3
0
42
54
58
58
22
14
26
48
24
55
40
19
95
4
40
78
30
79
95
93
76
95
55
79
23
24
55
22
82
79
30
92
3
52
92
22
65
51
52
51
43
79
19
47
73
23
19
38
58
3
47
0
15
57
51
15
55
54
11
95
63
47
15
11
3
5
87
87
87
5
65
82
1
78
99
0
23
88
47
58
52
68
14
36
11
5
0
3
55
19
73
15
15
66
95
36
99
52
13
99
52
36
37
22
92
36
58
16
22
16
14
15
36
22
13
55
73
54
52
24
19
93
13
68
3
76
55
91
96
68
76
18
96
73
30
92
92
23
38
63
16
24
37
54
55
92
79
40
54
81
43
95
93
22
79
4
95
68
65
76
55
37
42
99
47
58
4
65
87
23
23
93
92
19
11
30
52
76
58
38
4
57
38
79
42
93
43
4
37
16
50
79
48
3
5
76
55
40
50
40
38
68
76
43
82
76
50
37
50
82
68
4
0
18
8
65
55
92
81
82
42
63
16
15
48
82
81
55
93
52
73
5
23
24
63
92
5
50
47
99
78
78
68
15
50
36
51
58
82
58
53
47
57
65
51
55
37
95
48
5
87
8
50
48
8
16
42
57
96
43
11
78
76
81
85
73
48
50
73
58
5
13
76
82
82
23
55
37
96
43
37
81
14
65
82
73
40
82
40
65
37
51
15
3
99
78
78
24
81
85
65
47
52
5
95
38
92
54
14
82
96
24
4
85
19
55
76
14
47
58
92
24
87
92
43
93
13
14
99
78
68
42
11
78
96
57
51
73
73
36
18
23
16
11
3
51
43
8
14
42
15
0
78
37
63
58
8
95
50
96
11
63
76
11
58
52
85
78
76
43
52
78
55
85
81
24
50
52
95
11
36
85
79
53
66
96
8
19
22
96
76
18
5
30
73
3
19
13
43
63
5
36
30
54
22
4
81
63
88
73
73
14
22
22
85
16
99
14
30
14
88
40
42
93
57
40
63
99
22
37
42
93
0
73
65
52
54
96
81
82
58
8
55
79
96
93
13
76
8
58
40
79
40
47
0
14
15
81
95
38
36
36
42
82
58
11
55
82
43
43
50
0
81
48
52
88
18
79
11
78
88
50
18
40
93
18
36
48
40
11
47
48
68
79
76
42
66
88
82
4
22
0
95
42
99
22
15
11
73
88
73
58
63
87
63
38
76
78
4
52
58
81
66
0
51
52
11
66
79
43
79
24
15
48
51
30
14
0
82
50
68
96
85
15
93
23
57
18
99
65
40
87
65
51
43
85
5
73
5
24
53
50
50
47
54
43
13
14
13
96
55
55
23
43
24
47
0
8
95
43
50
55
52
13
76
66
14
52
68
76
5
82
52
51
92
58
95
55
0
73
52
53
65
66
48
66
85
37
47
96
0
68
5
3
92
68
23
23
76
23
58
76
93
23
51
57
36
5
19
65
78
30
66
85
14
42
23
57
4
93
4
0
76
96
30
79
47
15
23
5
57
76
48
78
30
68
76
3
87
38
15
52
76
8
73
52
66
93
30
53
48
37
85
19
23
43
96
16
11
42
68
36
47
14
66
15
92
11
79
8
87
24
0
68
73
82
14
87
23
54
81
50
37
42
63
4
16
55
58
73
99
13
55
48
4
93
82
42
68
37
36
92
13
57
93
73
68
22
37
93
99
23
13
0
85
24
63
63
63
42
57
38
88
78
55
0
65
99
76
13
63
66
54
50
50
82
5
66
43
52
73
85
14
23
57
82
14
52
5
4
18
68
5
88
65
53
92
81
4
8
0
82
93
23
13
4
3
8
68
47
30
38
99
47
73
82
82
53
87
37
85
23
47
76
93
63
48
66
18
15
14
85
11
95
30
54
78
87
50
88
82
43
14
65
58
95
87
40
16
3
92
52
38
87
4
78
85
4
85
54
52
96
54
24
