8
100
50.0
90
16
25
62
32
17
47
56
58
1
65
52
27
81
59
80
9
96
0
53
10
94
97
65
3
89
32
31
76
75
6
29
82
48
28
90
38
74
76
44
21
86
57
90
63
5
67
30
98
92
14
96
94
50
96
54
20
93
11
51
11
52
21
30
53
76
68
4
43
13
86
11
31
60
94
92
15
84
59
99
96
8
16
98
15
85
30
30
31
40
47
40
49
32
72
45
4
36
95
24
88
98
23
59
73
15
33
23
6
35
75
77
53
53
42
56
11
17
40
65
72
12
37
6
59
9
66
78
76
52
76
23
7
19
40
86
55
86
23
56
69
76
88
59
61
39
88
7
33
92
64
21
4
90
34
6
11
92
90
33
45
21
23
22
45
40
94
45
32
70
65
40
76
30
23
92
52
21
11
23
45
35
21
91
65
9
70
96
86
4
47
94
94
31
64
13
76
64
7
92
46
26
96
9
88
65
6
88
59
65
48
75
86
21
13
95
35
32
83
18
78
16
56
48
34
95
46
26
78
17
98
35
11
33
35
16
32
72
70
34
56
96
88
37
90
31
87
23
86
59
52
78
86
57
88
75
92
45
58
64
72
21
75
79
16
41
35
18
32
57
86
48
65
46
56
40
64
35
83
96
71
94
7
45
37
98
2
4
70
7
16
26
96
7
65
41
21
92
9
13
46
11
16
11
41
18
8
8
57
64
53
9
15
41
16
16
52
95
58
8
23
76
52
65
56
13
15
56
45
40
32
78
76
15
58
32
4
56
92
4
18
59
64
40
65
70
56
76
45
26
7
64
4
23
94
21
26
7
70
57
48
72
33
83
23
18
57
26
26
13
11
34
21
30
37
86
98
11
47
35
78
34
6
17
23
98
35
6
64
53
76
23
95
57
96
64
45
92
76
88
31
18
57
21
70
16
23
16
4
11
13
31
11
23
53
16
30
92
96
59
59
34
75
56
64
59
65
59
48
23
52
16
18
26
18
75
86
98
17
96
88
52
95
18
72
17
92
88
48
4
56
48
6
75
76
35
7
76
78
16
46
52
32
58
2
6
2
53
33
2
2
58
34
6
59
65
92
2
26
65
58
23
94
58
70
4
2
83
41
45
18
96
90
9
78
13
98
52
95
90
23
64
32
21
45
23
57
26
11
53
58
8
4
7
65
15
33
92
57
45
58
11
47
47
90
16
86
21
90
52
11
34
86
37
11
90
94
88
96
46
52
15
46
83
70
45
72
8
94
6
18
92
98
57
47
59
30
16
6
13
35
72
48
33
56
86
35
48
2
75
16
31
31
9
95
90
58
26
32
34
53
98
21
90
26
31
4
59
4
8
11
83
70
98
94
83
32
92
78
52
31
47
83
11
94
2
11
83
98
26
72
31
13
16
65
58
83
9
52
16
13
33
59
33
46
56
7
64
17
15
96
7
48
35
45
45
59
90
6
45
7
83
56
18
83
59
17
90
83
40
92
16
7
13
88
40
53
64
41
33
18
11
21
21
65
75
32
32
72
13
21
34
21
92
92
9
88
6
94
48
35
2
31
4
18
46
4
35
2
40
95
40
90
21
41
32
64
58
34
11
96
30
23
37
46
41
37
56
94
83
35
16
2
30
15
13
47
18
90
31
37
32
64
65
95
35
86
78
32
65
90
21
58
59
11
90
98
48
11
88
72
65
26
86
13
94
35
13
32
56
48
34
16
53
52
48
70
75
2
92
2
31
47
6
52
18
11
31
70
4
56
46
92
18
2
35
65
34
57
30
30
64
76
34
30
16
95
37
31
75
33
32
90
13
56
59
46
70
72
58
34
32
72
21
18
31
59
41
53
48
45
13
57
6
16
6
52
47
95
56
45
56
8
32
76
48
9
95
98
9
72
48
37
90
2
18
37
70
35
37
65
13
96
64
31
76
21
13
78
57
7
13
98
96
92
65
96
47
40
23
37
45
32
46
23
41
64
41
7
21
76
17
41
11
37
2
65
76
65
52
65
16
57
2
53
16
76
31
53
90
90
78
76
45
90
48
45
98
11
17
70
35
33
33
9
17
11
90
58
15
34
57
35
32
4
4
59
18
78
95
76
94
94
15
58
30
30
33
16
4
15
76
26
2
26
94
57
48
48
35
52
35
2
11
13
57
34
94
88
30
30
94
15
46
7
92
35
57
13
98
86
58
75
56
35
45
46
30
70
96
41
6
48
95
86
21
46
23
46
48
33
95
94
46
9
7
70
58
32
18
90
23
90
40
17
26
52
11
92
6
