76
100
50.0
27
34
50
31
84
96
59
12
1
52
66
68
1
48
98
66
87
45
99
93
93
18
66
22
85
72
35
92
61
20
33
91
39
51
31
1
81
84
47
77
51
95
76
5
13
60
29
84
54
16
31
98
82
26
71
88
88
8
74
3
90
16
19
79
56
28
7
43
13
32
78
40
4
6
6
97
71
29
21
92
28
48
31
73
36
48
75
41
55
2
85
85
64
62
44
39
94
2
15
83
4
86
32
80
36
66
69
9
28
51
21
40
56
98
1
53
91
40
91
48
1
13
88
13
98
71
30
68
38
14
86
16
81
25
85
0
88
85
86
71
58
91
6
17
90
6
78
37
68
93
42
42
49
86
56
40
24
13
40
24
54
91
49
91
13
88
75
1
81
57
25
90
92
81
51
71
24
23
11
95
36
2
75
1
24
89
3
3
81
85
85
68
25
29
49
65
71
98
13
42
89
71
17
67
36
54
40
51
17
93
28
84
88
1
6
16
67
6
66
31
65
31
92
92
0
67
84
1
9
46
88
4
98
75
48
30
13
28
24
93
6
91
36
40
10
68
56
13
67
30
36
2
39
6
21
65
24
32
0
85
78
56
71
54
48
36
91
29
17
54
91
17
67
21
36
78
75
31
68
88
40
81
7
48
56
32
86
54
2
66
29
49
48
7
81
2
81
25
89
32
95
54
57
40
30
78
92
90
90
84
65
31
23
78
6
89
2
31
29
49
42
93
39
57
92
9
81
3
32
9
57
70
88
92
68
40
40
2
78
48
54
93
75
0
68
81
13
2
29
17
16
95
86
17
75
81
28
98
30
1
17
9
16
78
92
40
98
6
24
54
89
68
36
13
90
1
31
1
67
63
29
86
7
7
29
31
95
84
39
4
24
67
36
16
92
49
31
84
91
49
6
46
32
42
54
88
56
98
49
9
81
46
3
42
91
67
68
92
91
89
81
7
31
17
57
7
67
93
28
56
65
25
51
98
39
9
67
66
21
91
68
95
25
66
49
68
28
49
9
46
93
81
54
65
4
75
71
39
66
57
48
25
17
39
88
7
31
90
65
88
28
81
68
0
39
0
2
75
17
68
57
54
86
46
92
31
88
4
68
86
91
98
84
65
13
65
25
93
16
3
51
4
32
23
6
57
25
65
49
32
92
28
29
78
39
88
85
48
36
93
7
36
32
31
40
1
65
21
66
98
65
40
57
98
7
9
3
36
28
31
84
30
49
13
7
40
49
30
21
36
92
75
1
1
2
29
48
3
17
17
91
49
6
21
68
23
28
48
7
86
32
16
31
51
57
54
95
2
7
90
48
4
75
89
95
88
91
9
90
75
39
85
98
56
46
16
39
30
4
75
36
57
93
32
85
86
39
78
71
81
48
7
89
3
91
46
40
88
25
57
95
4
3
89
49
30
0
67
98
17
54
24
86
6
49
32
29
24
23
86
88
56
30
86
86
49
49
32
71
16
28
51
4
1
4
49
84
81
25
89
65
92
91
16
65
24
31
78
95
46
95
65
78
40
9
68
4
17
85
89
46
25
54
67
32
89
3
90
13
36
56
13
29
1
85
29
98
30
84
4
81
6
36
42
4
93
30
28
39
84
16
0
42
68
78
1
88
81
32
40
71
23
46
17
23
36
86
42
66
86
57
92
95
48
25
48
95
42
28
36
48
2
29
65
89
93
65
40
86
49
21
65
51
98
28
78
3
17
3
6
29
13
57
84
21
89
25
6
36
89
71
89
65
67
84
32
32
6
39
68
31
93
36
16
85
49
95
29
32
67
54
0
1
71
16
4
67
31
7
90
36
92
30
7
85
13
66
81
7
48
67
85
56
0
57
4
95
85
92
81
32
40
30
85
65
65
39
39
71
48
51
31
71
29
39
48
78
29
71
0
40
89
25
67
57
32
3
28
48
39
13
98
40
95
88
39
23
42
51
93
7
1
21
9
40
75
78
86
23
0
56
81
28
54
88
40
17
81
95
92
56
21
39
90
98
0
95
57
68
89
1
71
36
0
95
2
67
32
2
30
67
54
65
88
78
78
39
56
31
98
75
84
57
81
4
56
54
91
84
95
93
67
78
24
9
42
81
7
23
29
68
68
9
65
71
23
28
54
4
31
0
98
98
84
81
88
17
24
13
23
21
85
25
54
88
2
51
25
0
71
2
17
24
65
78
68
13
75
86
56
85
51
4
17
66
21
85
40
21
40
98
49
65
4
92
23
24
30
7
3
68
29
93
17
28
51
40
13
78
54
