66
100
50.0
85
25
98
73
99
83
37
58
68
88
81
96
84
10
87
35
75
32
41
12
46
22
43
67
70
40
75
40
1
80
76
28
59
11
33
57
55
42
22
93
24
53
58
24
39
55
95
72
0
92
43
64
47
78
3
65
28
91
29
58
96
33
82
38
36
17
39
9
13
50
5
27
66
6
52
19
26
20
30
69
64
80
97
22
1
35
54
39
2
82
46
7
75
44
7
99
95
4
96
9
1
31
58
75
28
64
62
43
60
27
21
86
18
60
86
79
80
17
56
99
57
43
49
49
95
64
99
16
7
22
9
99
50
57
80
79
30
80
43
86
64
46
15
75
66
39
48
6
76
4
60
64
16
46
30
82
16
14
12
89
76
39
95
28
29
9
39
61
92
20
82
12
92
75
74
16
8
35
80
77
17
27
69
34
1
64
76
80
51
94
61
69
96
80
4
6
89
31
14
96
71
64
24
15
7
82
75
95
64
20
50
55
80
6
99
82
40
46
95
33
40
16
75
27
95
14
79
90
29
22
55
10
29
46
23
43
79
75
15
49
31
63
58
49
69
76
58
1
45
43
6
57
40
28
79
49
17
31
99
4
46
61
46
94
43
86
55
58
89
20
7
40
22
6
64
7
92
1
98
75
99
61
66
22
29
27
61
34
29
20
17
6
9
14
4
15
39
40
69
75
57
55
30
86
89
60
60
23
24
96
69
33
86
64
35
86
30
33
50
40
69
14
9
79
82
17
92
17
95
98
17
28
69
60
96
34
40
80
80
1
58
82
69
96
24
17
95
94
98
29
58
49
16
9
16
34
20
35
35
27
80
30
50
35
9
86
12
22
57
7
89
50
60
69
17
82
22
96
60
50
23
43
31
69
9
33
20
1
92
64
31
86
55
94
95
34
16
75
34
99
50
92
58
14
27
10
96
39
66
92
15
10
20
94
28
89
96
30
39
20
16
66
20
16
17
17
57
75
60
95
76
35
22
22
31
23
4
29
55
94
23
15
12
89
43
57
35
94
30
6
57
4
14
98
30
17
82
79
92
60
79
15
55
17
76
79
94
9
23
92
14
92
6
99
80
23
27
50
79
43
9
79
76
50
15
12
94
55
61
76
49
30
35
14
95
79
6
12
75
96
33
96
6
79
82
95
49
24
69
22
7
79
14
95
96
66
66
27
60
10
23
40
49
17
66
9
94
58
7
40
33
66
20
43
99
35
20
89
1
58
50
79
86
6
46
4
60
14
15
16
55
86
60
23
58
69
82
10
31
31
9
69
15
35
40
82
7
27
50
15
35
14
9
29
60
95
49
31
60
89
80
86
33
27
14
24
10
61
55
64
29
89
96
46
64
31
40
99
1
94
24
12
79
98
79
50
29
31
31
22
98
12
82
23
28
55
15
49
75
9
46
94
9
9
82
40
96
89
35
58
46
49
94
75
86
80
66
50
4
79
31
94
82
58
23
28
89
95
58
15
58
20
16
24
7
7
17
92
15
60
24
27
34
31
24
9
39
94
60
28
29
86
34
39
24
96
58
98
15
43
17
15
27
99
40
94
24
4
49
46
31
14
99
17
94
33
7
17
98
14
34
57
7
82
66
35
1
16
57
4
92
4
79
40
50
64
1
24
24
30
22
82
43
55
23
49
1
49
86
49
58
46
34
80
29
61
61
96
80
17
24
28
6
9
1
24
17
89
22
96
4
61
95
99
43
23
24
7
82
75
94
94
20
40
95
17
49
39
30
14
17
20
33
86
89
4
34
61
14
82
10
12
14
20
76
10
16
49
43
57
86
9
27
15
50
98
31
43
10
95
23
10
22
89
89
55
29
6
92
39
92
28
86
6
10
31
58
16
29
10
79
50
58
28
79
15
40
92
17
66
66
43
55
39
94
17
22
75
64
22
86
64
28
39
95
24
10
49
20
94
57
92
64
16
4
24
86
20
95
4
14
4
27
64
49
60
49
20
9
69
7
96
86
92
64
14
34
6
10
39
6
28
58
50
49
49
80
29
31
33
7
55
29
94
34
30
34
16
43
94
60
94
75
79
28
94
1
69
17
49
86
66
14
92
22
33
28
22
6
24
46
94
75
1
58
43
76
58
99
4
29
99
64
40
6
33
86
29
17
35
80
33
55
33
49
1
10
92
64
12
89
27
6
89
66
9
43
34
76
80
89
57
64
46
24
28
33
64
43
57
79
30
80
6
23
33
28
24
60
82
20
98
49
39
80
29
10
35
17
10
28
35
98
43
12
31
61
57
30
7
