57
100
50.0
85
2
67
13
18
73
70
97
19
54
63
30
82
71
46
66
17
2
96
53
14
37
55
14
77
25
35
16
29
88
86
99
5
2
33
59
17
94
91
74
0
20
32
58
72
77
19
94
36
17
95
78
12
6
3
26
93
43
44
58
10
87
35
50
78
66
40
58
6
89
58
11
39
66
28
23
45
37
18
4
41
78
75
24
58
17
93
83
84
52
44
6
74
36
9
99
86
3
14
68
83
8
37
15
38
27
36
21
48
65
27
92
3
56
87
34
7
36
7
25
14
94
9
90
8
22
79
59
35
22
49
49
44
42
44
41
76
58
14
13
69
27
14
78
35
16
22
25
64
16
2
90
74
14
6
6
13
8
47
65
92
59
59
76
58
47
61
13
51
87
23
35
90
27
23
13
2
62
80
23
19
63
49
31
74
62
83
22
6
93
75
19
44
86
81
62
8
74
47
25
74
35
14
98
21
14
18
49
8
87
17
7
23
25
49
87
59
86
16
93
66
99
25
94
44
21
57
78
59
94
17
9
63
18
41
74
1
23
3
23
63
77
8
61
44
78
58
27
27
86
19
92
14
14
38
66
59
36
60
87
83
75
86
21
9
38
18
75
36
35
19
44
74
83
6
35
23
18
3
47
84
7
3
18
6
36
76
65
37
13
61
59
90
91
49
16
31
75
83
77
90
63
25
31
8
17
17
61
94
75
58
14
2
49
38
74
13
77
38
36
47
58
3
35
75
74
99
87
92
65
37
58
87
23
2
65
58
7
7
58
7
60
99
22
62
92
22
75
74
74
83
17
25
58
3
21
90
21
22
18
94
3
21
60
77
13
77
49
60
93
63
78
75
58
25
8
99
38
16
90
65
93
77
31
31
17
76
21
16
25
74
9
31
2
90
84
9
2
61
37
36
22
31
6
13
87
93
83
18
44
87
92
77
60
61
94
38
94
35
93
91
22
58
44
87
83
21
49
93
18
78
99
17
25
77
94
3
37
86
62
47
66
93
87
62
31
60
63
75
16
27
18
47
9
27
8
47
41
47
23
21
25
22
16
60
63
21
41
21
36
92
87
16
83
9
41
41
41
17
4
61
63
86
44
41
9
37
16
31
36
78
14
99
7
9
87
19
76
19
14
86
19
99
78
38
8
86
23
74
66
90
14
31
93
87
7
75
38
3
61
37
49
25
3
58
49
49
74
41
63
84
87
2
2
66
93
59
25
91
22
3
27
49
6
3
86
59
2
76
87
41
9
62
44
25
87
58
78
84
36
36
58
61
4
13
74
91
61
62
44
25
9
75
4
76
21
94
13
4
3
75
94
74
23
76
66
78
83
75
60
44
78
25
6
4
38
14
3
49
83
38
47
86
17
9
75
3
60
44
38
9
61
76
25
63
76
47
8
25
16
74
4
83
60
63
31
60
77
36
86
62
47
7
16
74
44
6
4
19
58
62
21
66
87
77
86
63
99
76
31
94
62
9
60
37
87
92
99
7
47
25
19
61
9
90
86
8
27
13
17
41
86
25
83
23
3
91
9
92
87
14
38
65
92
94
61
22
90
41
38
62
62
4
22
23
83
44
3
66
13
3
94
74
16
90
16
58
23
44
76
77
8
78
74
31
27
41
2
35
61
21
83
22
21
59
22
38
83
31
21
59
16
44
59
92
75
83
93
21
94
44
58
58
63
9
36
9
65
90
23
49
6
78
76
93
84
7
4
9
49
23
13
2
3
23
93
41
4
93
6
35
90
91
35
94
8
75
16
8
37
44
76
60
9
31
41
61
6
27
47
62
94
86
36
21
21
86
91
91
8
47
74
8
25
83
60
99
60
87
77
58
66
13
18
91
63
90
21
62
84
23
77
36
91
99
99
21
22
2
86
47
62
3
22
13
84
31
92
47
25
49
23
92
8
19
19
76
23
2
87
19
13
35
36
76
38
31
93
16
2
22
75
91
83
44
6
21
25
83
92
91
38
4
44
77
91
92
9
58
25
9
94
9
91
92
3
9
9
36
62
14
41
61
84
77
86
25
92
65
22
77
74
63
14
8
93
83
62
75
99
44
78
8
19
6
23
83
58
7
59
3
91
91
14
84
63
87
92
63
75
63
58
74
83
94
61
93
36
74
99
31
17
91
78
78
44
6
86
16
91
83
63
84
19
17
7
13
4
83
27
49
78
38
93
87
92
23
59
4
27
78
19
9
60
87
7
35
22
27
44
75
74
47
44
9
77
7
92
27
7
87
41
7
87
18
22
4
2
31
87
