84
100
50.0
90
1
6
11
76
46
41
79
31
62
62
20
29
69
74
59
38
52
78
40
34
7
47
50
30
92
13
77
51
14
57
85
23
8
22
43
90
87
26
65
72
38
28
77
87
33
61
60
83
11
38
99
88
9
82
54
73
64
95
99
25
62
48
8
69
44
32
88
90
29
9
11
88
66
75
98
6
89
55
89
71
19
24
64
29
15
73
2
16
5
42
63
88
62
97
44
49
89
77
4
93
80
27
64
77
5
6
78
81
84
45
81
90
53
0
62
89
85
16
36
37
3
6
85
25
91
90
30
77
16
18
33
18
81
9
96
56
64
44
12
30
70
8
74
8
36
78
52
39
5
9
9
94
67
87
90
6
35
6
25
96
81
70
2
21
18
18
10
38
73
85
30
30
11
58
4
99
62
87
33
9
46
20
52
4
55
68
20
38
18
9
94
73
89
91
55
44
39
25
86
94
74
4
18
88
60
21
68
17
11
73
39
44
85
6
46
89
21
45
9
77
68
74
89
19
88
18
88
25
52
89
36
88
73
8
10
45
89
4
89
94
16
62
70
73
33
87
85
5
91
36
57
57
21
46
57
68
11
68
87
18
89
45
35
18
4
96
88
33
4
4
77
29
89
68
18
2
18
60
70
68
16
81
45
70
30
91
69
6
33
5
21
94
45
11
5
83
57
55
5
88
58
58
30
69
18
96
11
77
2
25
68
11
30
5
9
19
60
21
8
69
32
25
73
44
60
5
73
16
60
25
33
45
19
35
20
57
33
21
69
78
81
96
44
68
30
38
85
25
77
25
21
11
83
21
60
73
74
70
88
38
73
6
83
87
78
6
6
35
10
60
91
81
94
44
36
68
38
9
44
94
90
68
46
33
8
57
4
64
5
87
38
8
81
20
36
74
68
85
70
5
2
44
81
6
73
87
73
21
77
91
89
68
29
94
38
8
73
18
38
9
81
87
39
85
30
85
35
19
81
6
18
85
39
9
73
44
64
18
16
44
78
46
94
78
38
46
62
57
16
91
19
19
73
91
44
64
78
64
19
90
78
33
90
99
11
11
5
52
45
6
18
38
85
78
81
8
60
39
96
30
20
90
39
57
85
36
18
45
39
91
6
73
2
33
44
36
9
35
60
64
44
2
8
60
6
11
77
60
6
46
30
10
68
16
64
69
38
89
77
39
10
18
45
62
68
85
18
69
70
20
73
6
4
16
96
16
88
18
20
77
62
45
57
35
58
85
36
4
77
39
8
91
18
10
35
83
39
68
78
38
4
39
46
77
16
39
45
85
9
52
46
19
2
8
89
60
4
38
19
69
87
29
39
46
68
45
25
70
81
29
30
90
89
21
36
94
55
64
46
46
70
9
46
88
29
44
74
74
18
44
39
89
94
5
30
10
2
62
25
69
87
52
88
25
25
30
9
16
91
4
39
16
5
88
60
62
85
58
60
83
29
58
2
39
21
19
30
57
52
64
29
35
69
62
55
94
58
39
16
94
90
99
8
39
10
10
18
60
96
77
68
62
91
91
73
8
5
60
57
94
30
81
38
18
94
94
2
85
89
20
69
77
45
99
33
30
21
45
39
96
8
30
4
62
10
16
88
33
6
46
69
36
9
96
74
83
74
36
45
57
64
89
36
62
68
46
89
18
10
78
90
57
68
44
6
85
62
45
52
70
77
60
19
90
64
9
4
60
35
45
36
11
8
8
96
25
45
36
99
10
32
89
91
60
46
69
94
70
44
81
19
9
69
68
89
4
60
68
44
21
91
68
38
52
70
6
16
2
35
33
44
30
90
55
64
33
30
33
73
58
25
70
11
39
11
33
36
87
64
45
83
87
21
19
46
44
60
85
44
85
38
21
2
2
18
29
44
10
85
90
21
39
60
78
19
9
18
30
74
45
11
91
91
18
62
8
44
44
74
91
52
58
25
81
44
94
29
88
91
64
46
58
10
6
99
2
91
16
46
2
96
18
4
39
35
46
88
30
58
70
52
68
62
36
60
96
2
16
91
87
68
20
52
64
70
25
4
62
87
55
57
19
11
35
21
99
32
77
85
38
91
94
69
70
70
85
68
81
45
60
74
94
4
46
6
69
2
9
85
85
70
33
4
91
10
36
69
77
46
62
8
73
81
45
30
57
91
91
25
25
20
32
30
90
88
30
83
25
45
87
2
87
52
18
19
68
10
39
57
58
33
8
78
4
91
57
90
9
77
16
30
46
68
21
36
70
55
68
11
44
44
35
11
58
94
57
25
25
60
