98
100
50.0
94
25
34
44
11
22
54
70
16
95
74
82
27
65
85
50
73
17
61
37
61
96
69
55
71
59
21
79
58
5
88
51
38
13
61
89
53
51
0
6
42
49
41
29
11
75
62
59
7
25
50
89
46
67
28
65
95
87
68
10
57
4
47
91
35
39
38
43
83
66
31
81
90
20
17
36
76
65
61
60
97
93
12
1
64
57
83
61
84
56
26
18
35
89
65
89
31
35
1
36
17
25
2
0
77
41
22
95
65
86
90
19
0
14
17
3
1
95
45
36
84
56
59
39
95
92
88
98
79
32
99
89
8
57
65
18
46
35
90
17
67
81
38
83
47
75
67
78
23
36
73
52
24
15
54
65
54
8
8
65
81
65
0
51
45
97
67
18
39
1
35
31
65
41
14
63
75
36
83
65
59
60
65
7
89
90
31
50
0
33
56
89
9
59
56
64
73
47
62
0
33
24
30
7
15
35
97
33
40
48
97
33
50
66
39
22
75
75
24
1
61
47
39
59
80
72
56
22
8
61
0
97
1
86
17
23
56
36
51
66
47
83
62
22
35
88
45
8
89
23
14
88
64
17
11
54
87
95
7
62
50
15
38
38
90
25
31
50
31
8
7
57
88
39
83
97
24
45
66
63
90
8
18
87
25
1
67
61
14
15
87
66
0
75
41
64
88
97
11
61
14
95
62
87
51
67
33
51
38
62
57
1
24
18
31
97
14
84
51
84
47
15
14
25
39
97
89
8
50
73
0
50
23
11
83
65
67
67
35
87
35
35
83
84
41
31
47
79
11
1
7
8
59
90
83
39
95
8
45
51
47
41
57
66
95
56
14
64
97
36
22
62
67
38
39
97
64
0
50
0
45
66
39
50
88
35
57
64
15
36
36
36
24
64
66
22
57
46
62
17
46
15
14
65
24
87
23
25
95
15
90
75
75
50
90
35
62
45
51
57
35
31
24
15
64
50
41
97
45
88
11
84
56
88
63
39
90
87
95
0
14
41
88
0
0
33
18
47
83
89
50
8
7
84
90
1
56
22
41
31
35
25
45
90
17
79
90
87
22
47
33
86
7
36
41
67
18
18
86
45
54
36
95
7
24
79
22
89
7
57
18
88
81
83
88
45
66
56
36
23
31
86
95
8
0
61
63
57
36
23
60
8
41
23
51
90
97
59
88
15
15
45
0
89
51
67
81
63
88
41
51
18
38
38
7
64
41
65
83
61
41
46
38
0
47
95
79
86
75
25
79
84
79
97
36
8
95
36
7
15
65
8
86
84
18
0
36
45
97
95
79
54
95
62
15
14
59
25
1
73
89
31
87
62
59
24
39
60
59
56
83
57
22
86
56
23
23
57
11
39
60
1
83
36
25
41
75
46
24
14
11
45
14
59
46
47
31
39
57
66
86
66
38
73
62
57
25
59
56
35
36
88
67
17
8
61
51
39
83
84
1
47
39
65
0
0
66
89
39
67
83
81
38
87
23
14
56
24
45
51
87
8
57
62
89
23
84
56
8
7
18
62
50
90
7
81
22
14
79
90
33
61
67
11
33
86
63
22
45
95
36
62
17
61
54
11
41
38
64
73
50
61
87
24
45
11
73
86
90
61
95
64
59
0
89
79
62
46
87
38
95
38
81
33
57
89
25
41
54
57
23
67
66
14
39
8
81
38
38
86
65
75
47
63
66
54
33
23
75
65
65
15
66
14
18
0
97
57
38
90
66
8
50
56
79
62
73
64
35
64
25
14
17
22
61
83
17
11
86
46
7
22
7
23
87
62
83
60
57
45
61
64
22
11
14
59
89
61
51
7
65
79
0
63
38
39
36
66
81
57
97
31
18
59
24
39
0
60
86
25
38
97
24
79
81
86
81
15
41
23
62
25
84
64
17
79
67
23
24
90
46
51
97
24
39
38
73
95
46
95
54
62
51
56
47
73
95
51
1
79
95
87
23
81
39
41
66
11
90
22
31
24
84
31
88
75
89
75
38
39
24
15
62
33
66
75
88
39
63
33
17
87
65
35
35
15
60
31
51
0
46
75
63
38
31
89
54
65
38
7
54
79
84
61
66
88
36
66
89
38
1
11
66
62
87
0
39
47
8
81
22
7
59
83
90
23
63
54
25
47
11
8
45
64
25
35
11
22
65
33
87
11
66
64
36
86
97
54
81
60
59
89
64
64
65
41
14
97
24
33
23
57
1
36
90
25
88
14
36
47
73
46
81
41
38
1
22
47
39
87
66
36
67
95
67
1
65
14
17
33
