78
100
50.0
40
87
10
91
47
92
41
35
82
95
31
49
18
7
20
0
97
2
94
65
4
34
4
58
50
77
72
19
63
8
29
50
67
22
60
21
9
74
46
30
12
89
59
2
70
96
82
33
59
51
32
84
58
43
34
21
40
90
8
58
53
38
27
44
37
4
80
91
8
90
24
4
78
5
4
36
59
62
72
4
88
65
71
44
64
23
25
10
79
30
72
16
44
11
23
99
9
83
53
98
21
34
86
40
51
42
6
10
40
91
9
35
60
59
65
2
2
12
58
39
82
8
80
88
72
45
72
44
45
17
2
87
46
90
72
75
55
55
89
54
82
85
69
34
57
60
82
68
86
3
46
53
88
6
30
87
30
87
91
58
87
11
55
45
23
12
50
52
46
48
91
35
13
55
28
59
56
93
23
44
72
60
12
9
23
36
34
12
14
66
9
88
93
34
85
12
82
45
81
9
73
81
21
90
89
58
80
28
61
93
35
34
76
53
65
1
93
11
87
45
87
34
21
21
2
44
40
81
88
9
82
94
89
76
44
15
6
6
28
87
91
36
81
53
12
44
65
87
4
87
6
88
93
76
94
45
40
11
50
58
58
90
59
36
51
51
65
1
28
30
35
48
98
80
80
76
45
23
1
91
14
46
90
28
89
4
10
58
4
90
1
6
76
93
51
87
9
65
82
90
30
46
53
82
46
87
85
46
20
35
2
35
53
55
28
82
40
12
72
94
11
10
20
59
80
82
91
30
94
93
88
27
55
55
26
50
53
11
36
82
27
59
6
34
68
21
12
44
30
46
48
73
60
86
11
60
48
51
6
11
45
40
50
48
50
6
90
46
40
23
98
30
90
58
51
36
59
40
85
45
26
8
91
50
21
72
55
36
45
91
40
94
76
21
23
30
90
94
76
21
9
34
51
91
60
45
73
68
23
87
81
65
53
10
89
93
36
27
45
9
86
89
86
12
9
50
86
86
88
21
6
4
86
26
11
72
45
82
35
93
46
98
30
85
51
2
4
27
58
36
1
23
93
11
48
34
98
44
94
46
53
36
86
87
76
82
6
27
40
82
28
27
23
1
50
59
86
2
20
72
30
81
86
59
46
82
44
10
59
2
59
60
45
65
14
6
26
28
81
14
21
58
76
94
36
36
4
1
82
82
73
53
20
58
11
40
21
11
34
40
86
76
26
80
48
93
9
58
90
89
36
1
45
68
35
44
80
89
68
50
98
94
94
76
94
35
59
10
85
65
9
36
51
90
28
90
30
26
90
93
73
85
27
27
50
10
85
48
11
53
98
50
34
98
45
35
36
48
89
81
4
50
4
85
34
30
10
8
48
27
35
88
89
94
35
21
65
35
65
90
2
2
27
73
30
59
12
26
1
8
80
48
76
98
81
26
60
30
82
12
34
9
45
76
80
76
93
48
55
91
81
98
34
12
26
51
60
73
6
28
26
85
98
80
89
91
94
65
85
20
65
6
28
51
35
76
85
34
91
85
85
91
65
65
8
21
93
89
34
76
1
30
88
36
94
9
91
48
90
48
80
80
82
21
86
87
26
87
76
1
35
80
85
26
14
65
10
23
80
34
58
76
85
14
72
91
98
59
50
80
53
6
76
1
58
76
55
40
6
45
8
4
1
60
59
23
50
50
36
58
6
53
44
23
68
72
26
44
73
82
80
88
26
27
86
82
23
55
81
45
48
50
59
27
6
90
58
86
4
14
58
12
89
58
80
48
11
51
6
82
72
4
51
1
68
14
93
51
85
14
93
6
6
11
82
11
34
40
27
27
55
4
55
93
28
65
30
23
50
81
81
85
10
10
2
1
21
91
76
11
2
51
90
11
1
12
9
90
14
76
76
36
45
35
58
9
12
14
2
86
93
11
12
8
44
87
46
40
50
93
45
51
44
90
23
58
73
8
85
73
65
87
80
44
45
98
14
44
50
65
81
72
48
76
44
11
14
50
20
76
98
55
65
65
2
59
1
93
1
59
86
1
27
27
89
26
23
8
91
59
11
73
20
53
48
90
88
26
9
1
1
4
51
68
86
8
55
28
8
59
40
4
34
90
88
1
45
14
40
28
14
21
44
89
87
4
88
94
81
72
46
68
89
40
80
53
28
27
1
94
28
94
51
65
27
65
27
8
12
51
86
98
21
21
76
93
35
76
4
9
88
93
10
12
36
68
28
50
20
8
80
27
4
58
20
65
76
2
8
28
2
86
10
1
26
86
65
90
73
11
40
55
35
34
20
80
23
28
1
6
