79
100
50.0
71
54
3
0
65
86
43
30
93
24
50
90
75
52
16
39
97
15
95
43
26
12
90
45
64
27
62
68
69
88
5
9
23
81
72
21
45
81
40
80
23
57
14
82
77
52
83
81
36
1
69
82
22
66
78
28
19
56
95
2
49
63
59
78
78
78
60
2
73
89
55
14
18
63
67
93
31
82
11
45
57
95
45
92
94
38
28
44
91
3
67
2
25
74
48
33
96
3
37
81
71
7
28
87
45
42
45
15
18
82
13
77
33
23
47
23
23
93
85
56
57
16
4
29
82
52
51
2
2
79
85
23
97
54
20
35
20
69
78
74
69
17
58
99
16
78
52
11
23
52
34
25
79
61
66
71
77
8
33
69
46
25
7
20
18
71
95
6
77
23
28
36
2
18
33
43
77
63
29
7
23
67
67
95
81
36
28
23
16
38
54
81
2
23
29
76
43
15
41
67
97
57
81
57
15
70
53
47
56
89
70
25
23
23
33
2
82
59
56
59
41
25
98
3
85
18
78
25
81
69
78
84
70
97
56
41
13
77
56
97
91
93
95
47
29
98
56
69
52
38
18
95
90
25
81
95
23
41
28
16
32
23
7
34
93
56
77
97
90
78
57
14
53
8
41
7
95
53
81
85
11
18
53
32
2
98
89
36
14
14
47
56
45
7
16
59
15
2
79
54
63
63
81
57
89
38
77
85
52
14
82
16
79
8
43
47
15
81
71
7
97
2
74
82
52
98
34
11
36
53
53
10
13
52
79
25
77
81
15
54
78
2
45
97
20
47
70
3
15
79
8
81
28
70
7
57
79
8
71
98
71
8
38
41
79
38
71
13
66
29
41
82
36
91
71
8
13
2
56
8
82
89
18
59
2
59
36
81
28
36
71
43
59
16
77
32
13
70
74
70
3
70
18
32
69
79
8
8
74
13
25
82
67
43
69
8
82
93
18
34
33
38
97
7
90
78
98
7
59
95
52
14
79
2
3
70
98
57
78
81
81
79
97
56
11
20
8
54
36
29
45
20
78
47
13
70
32
14
2
32
23
82
81
57
78
53
28
89
81
95
95
70
13
47
70
81
74
38
3
69
14
34
43
29
77
91
81
13
67
74
66
45
47
97
56
78
54
79
14
29
82
15
90
70
38
32
52
54
67
95
7
89
95
90
59
38
89
34
79
57
23
32
56
13
36
90
89
90
45
98
67
70
15
14
57
20
53
3
63
38
11
78
13
18
38
18
71
43
14
3
54
32
95
90
54
23
47
32
89
33
70
79
57
82
41
45
85
25
15
34
13
16
63
59
53
32
85
29
15
20
28
20
74
28
56
34
98
57
18
59
34
38
93
67
16
67
82
63
2
77
97
90
13
33
43
71
53
16
18
2
3
63
28
95
43
2
2
36
53
67
82
29
81
38
70
90
77
34
36
32
13
67
71
74
8
85
52
69
29
91
52
41
90
11
38
77
89
53
90
41
11
36
79
16
53
34
29
74
7
33
32
91
91
20
69
98
34
34
70
2
11
74
78
56
33
7
90
93
74
53
67
45
95
81
14
34
25
53
78
15
18
16
28
56
25
41
97
78
89
93
79
56
32
43
67
47
81
98
85
45
25
20
70
97
14
71
91
2
82
89
8
18
57
32
95
25
82
82
15
7
57
2
66
89
14
82
85
85
71
38
67
89
98
32
79
25
66
78
18
70
63
36
53
34
98
52
98
79
79
23
3
82
3
41
97
28
59
2
52
38
3
67
2
90
32
82
93
66
67
56
15
25
2
67
67
85
69
43
14
57
70
52
8
20
77
95
98
28
16
47
2
52
3
74
70
20
32
70
52
67
15
57
69
70
67
77
38
78
18
3
2
85
95
20
85
3
28
89
23
32
20
52
69
63
16
56
13
28
85
16
74
98
57
57
97
47
91
90
43
98
32
54
54
11
90
78
7
47
93
74
3
81
14
97
71
33
53
56
70
38
7
54
3
13
66
78
38
36
98
52
34
63
7
41
98
43
85
16
54
63
81
7
69
11
59
85
77
13
78
57
78
20
20
74
66
93
25
41
78
95
77
45
57
69
2
54
89
34
82
45
15
98
2
11
20
29
77
63
93
13
71
13
81
78
34
81
98
16
66
66
8
78
91
47
16
25
90
66
85
81
14
47
41
82
79
15
71
54
32
57
18
77
23
53
98
89
2
74
53
82
38
29
28
79
23
74
98
7
34
97
14
90
77
14
29
20
53
59
25
59
95
93
36
20
14
69
20
91
18
67
