61
100
50.0
72
45
37
60
58
15
54
36
1
57
47
5
82
6
24
43
86
9
5
37
68
42
75
22
98
63
29
64
83
78
18
79
3
33
23
97
91
26
94
17
50
41
62
89
44
77
55
25
80
91
21
38
87
26
32
48
52
67
39
3
71
81
83
95
81
59
10
23
2
17
29
74
43
7
0
73
92
95
96
61
72
92
4
22
23
69
53
23
42
35
51
91
66
42
29
16
8
29
83
85
97
1
41
42
76
41
34
62
64
19
28
11
6
84
90
72
91
8
46
1
10
10
14
8
70
5
4
30
20
33
4
40
31
12
37
37
4
34
4
43
5
43
30
51
62
63
36
98
84
56
36
1
83
51
83
1
68
12
10
64
51
1
56
1
29
41
13
6
10
16
12
33
20
8
62
49
12
30
48
33
49
23
63
3
63
4
56
88
83
22
81
43
72
62
12
20
72
28
22
30
27
99
25
64
64
88
20
26
8
1
95
4
79
62
49
12
43
42
34
26
23
95
42
88
99
5
92
64
43
3
37
72
68
41
25
25
82
37
8
64
20
26
98
37
41
49
91
91
23
22
97
62
29
41
65
93
51
36
68
1
41
36
62
13
29
98
92
82
88
5
79
12
4
56
76
42
6
3
22
6
42
97
93
82
82
88
37
56
20
92
71
36
13
23
6
42
30
3
93
22
71
88
98
43
49
92
34
48
83
93
42
5
97
10
98
26
28
91
29
23
6
62
30
76
88
71
1
42
23
63
10
49
6
99
5
84
62
88
28
28
63
62
64
79
99
3
83
81
42
83
8
99
1
84
84
25
72
81
82
20
48
82
71
25
92
30
95
23
64
97
63
36
26
99
10
62
84
37
88
43
20
79
37
88
56
68
99
88
28
71
84
22
25
91
25
36
25
95
8
49
13
5
95
95
63
1
76
37
23
6
5
34
62
16
76
16
71
29
92
63
6
95
72
34
26
48
43
48
99
95
13
6
97
76
42
20
93
97
29
71
76
71
1
71
26
49
41
8
98
28
56
84
63
83
99
22
8
71
72
36
37
25
49
79
48
37
82
41
88
49
34
88
8
48
95
30
28
37
5
10
92
6
4
25
25
95
34
99
92
92
49
62
37
26
17
8
62
76
62
42
33
23
49
26
79
5
49
1
97
8
56
42
17
22
48
51
68
93
72
92
99
84
82
6
26
4
4
13
13
92
1
34
43
99
17
13
23
25
33
71
97
93
43
72
97
81
63
93
34
17
71
91
12
12
25
76
43
48
82
28
42
25
10
84
34
72
88
29
79
79
72
28
22
98
41
20
49
81
98
63
88
56
1
83
51
56
20
71
51
12
97
10
84
93
88
92
37
64
68
63
5
20
83
13
13
30
81
3
72
91
43
17
48
88
48
79
17
56
5
4
63
83
29
37
79
98
82
37
42
79
5
12
64
37
76
6
30
1
5
41
68
97
34
26
17
92
12
42
16
41
36
56
98
64
16
98
16
22
6
79
43
79
17
16
99
42
93
28
99
79
34
22
95
43
30
99
95
98
1
1
63
81
64
13
13
36
20
42
20
48
12
92
79
16
16
1
13
8
1
48
17
91
68
84
82
79
30
98
4
98
22
76
64
43
10
83
83
41
23
25
23
12
34
68
72
63
28
36
16
22
16
16
79
72
10
6
51
12
51
33
29
63
16
6
64
68
22
98
33
43
17
12
6
97
88
68
51
49
3
16
5
22
88
49
93
43
10
99
29
83
64
83
71
4
28
23
30
34
8
28
4
82
83
62
26
34
49
41
28
30
43
98
79
93
8
10
95
25
1
62
91
8
8
83
1
72
17
33
68
28
48
83
49
84
64
76
33
6
63
8
62
51
92
92
43
22
10
25
29
30
98
81
97
79
49
91
37
43
4
81
95
13
37
91
64
99
3
98
91
56
62
99
36
43
49
12
6
42
5
42
1
93
63
72
76
13
33
26
33
84
83
23
83
99
43
25
99
43
48
97
41
68
49
51
17
33
99
76
28
51
91
81
93
17
95
51
56
64
48
20
51
68
34
29
88
12
6
81
30
97
76
4
1
42
1
98
43
3
62
10
22
4
3
88
37
6
71
8
56
72
48
34
29
25
56
98
26
1
17
8
92
91
1
41
8
36
49
25
34
42
42
5
68
5
34
64
26
48
25
48
99
95
16
12
17
64
17
95
12
33
79
36
33
42
42
63
8
62
83
49
95
17
10
98
23
5
83
3
76
68
82
64
42
98
13
97
48
37
10
25
