89
100
50.0
85
15
53
31
24
86
88
7
69
23
18
3
42
15
21
0
77
80
38
31
96
74
55
30
61
31
76
56
49
33
6
29
65
9
66
10
60
83
52
27
26
63
40
64
16
57
65
98
72
18
62
25
24
12
45
15
19
47
73
31
50
14
38
16
92
44
96
24
51
79
89
57
48
34
82
81
16
56
8
93
38
18
17
68
4
18
18
43
56
62
79
54
18
7
2
64
7
36
6
36
27
27
57
64
68
6
34
80
32
90
91
66
95
2
2
22
80
70
73
94
13
36
64
31
41
66
13
31
96
37
15
13
32
97
8
15
51
15
7
37
94
56
93
91
94
7
37
59
80
9
72
58
68
82
94
18
15
68
11
57
68
46
73
68
1
79
80
24
64
58
82
66
38
80
34
39
71
59
6
58
6
72
79
27
15
84
96
35
84
91
66
58
20
15
84
77
84
73
37
47
78
18
1
18
87
16
75
24
16
24
87
27
99
87
67
15
72
68
71
73
47
71
97
27
66
97
97
39
72
48
94
64
2
59
1
28
62
31
97
24
99
36
13
94
5
39
84
38
7
60
48
57
79
34
81
96
48
18
36
82
65
2
62
59
68
9
71
39
30
31
64
8
64
59
36
51
91
73
71
68
97
62
77
37
32
18
96
96
58
34
48
27
71
77
47
30
62
16
71
67
73
16
82
93
51
57
15
47
97
38
82
31
36
39
38
48
68
37
6
99
38
82
15
71
66
34
7
87
27
96
27
15
65
16
58
15
30
18
30
81
72
7
34
57
32
24
60
15
7
15
13
79
30
32
31
30
27
56
60
56
56
24
30
7
1
57
16
2
65
62
64
71
67
36
58
73
56
65
38
77
82
39
30
56
64
30
39
47
73
2
80
18
84
18
6
27
65
97
87
36
13
77
68
7
80
62
93
47
81
97
15
91
82
24
18
30
47
47
6
27
9
96
24
94
97
80
8
60
66
73
65
57
65
97
73
64
30
93
80
64
68
38
24
93
38
2
34
13
16
32
39
57
30
8
97
60
47
58
72
39
67
96
36
24
64
58
7
91
38
31
59
93
80
58
68
51
99
64
36
87
38
84
84
38
6
2
31
13
6
15
57
8
73
58
27
15
56
82
80
71
30
87
77
34
38
7
60
79
18
67
7
77
48
27
80
96
8
39
62
8
51
84
24
84
8
56
62
1
39
16
36
1
1
65
2
65
51
81
6
62
6
9
30
8
36
87
30
57
32
13
30
65
30
56
84
47
80
68
51
48
9
68
2
51
79
59
34
7
82
60
65
34
51
9
51
6
79
66
62
73
30
87
66
34
77
71
79
34
97
73
59
6
80
59
59
96
51
37
68
56
27
31
8
79
62
65
94
81
31
66
48
30
37
93
57
67
39
79
8
65
58
77
73
37
48
77
15
48
97
82
48
34
82
99
48
51
47
32
39
32
93
51
67
13
99
27
30
65
71
47
87
65
6
68
30
30
62
62
65
30
93
82
16
67
38
2
39
97
58
66
57
8
47
1
57
65
96
96
67
73
32
27
71
27
34
37
58
18
91
82
66
31
9
82
34
34
96
32
67
31
6
64
93
16
96
68
32
97
60
2
97
24
82
18
48
94
7
65
18
79
67
81
27
24
73
66
34
34
66
27
6
84
71
67
18
1
56
18
96
73
62
9
16
94
36
57
73
56
96
6
99
51
64
96
97
73
62
72
65
97
47
99
37
9
65
24
81
9
36
68
8
36
96
34
62
58
65
15
37
39
91
65
34
67
80
37
18
79
13
97
59
68
87
27
56
9
58
58
9
65
39
56
24
97
64
97
18
99
56
80
57
13
79
30
9
73
65
73
84
32
79
1
51
27
62
39
48
71
30
82
99
2
32
15
58
38
31
96
87
51
67
13
80
32
87
39
62
2
9
51
59
24
91
1
64
87
84
51
13
87
34
1
39
84
87
73
84
60
81
51
56
87
18
67
30
59
71
58
97
47
51
71
47
27
68
82
7
79
57
87
16
93
94
7
62
16
82
18
38
58
68
64
51
36
30
67
71
9
18
58
97
71
96
37
6
6
59
18
56
51
72
66
6
7
2
13
24
64
36
13
15
57
56
67
62
8
56
24
32
18
34
99
2
24
71
58
94
68
7
36
57
57
9
1
96
18
84
94
27
66
82
9
51
7
34
67
7
24
72
31
27
9
37
82
64
16
99
2
2
66
9
64
66
37
97
24
94
36
91
15
84
32
94
94
71
96
72
72
13
65
