34
100
50.0
87
39
0
98
53
26
54
34
71
75
38
11
90
35
21
82
61
97
37
45
84
83
72
57
85
5
94
29
36
19
47
12
83
24
13
4
95
4
87
33
68
1
83
18
50
61
91
74
42
11
4
79
32
43
97
4
95
49
89
29
79
9
28
16
62
99
6
93
52
61
97
9
20
69
9
75
72
58
13
31
76
13
40
72
68
68
96
83
71
88
68
88
87
59
56
75
84
6
34
28
60
22
68
95
28
46
9
95
70
51
88
13
14
25
14
15
79
61
6
80
67
56
83
99
29
11
3
23
39
9
99
92
95
86
50
75
66
96
24
32
48
77
9
27
10
32
60
30
72
78
63
70
24
87
68
2
95
41
71
88
10
27
4
96
10
87
28
41
60
8
95
92
39
79
99
32
72
58
11
41
26
61
77
8
77
42
58
57
4
22
99
81
7
58
72
29
96
87
17
71
77
29
43
61
64
42
41
77
48
95
88
83
26
72
70
8
43
99
92
34
48
92
81
83
52
55
70
48
44
68
78
87
13
11
43
96
66
42
34
10
83
77
87
68
43
39
78
71
26
34
4
56
13
68
68
41
87
65
79
68
66
71
81
41
84
79
61
60
77
52
39
26
60
8
97
57
83
8
52
92
87
4
13
78
75
41
11
27
42
57
22
68
72
71
39
26
6
9
87
68
66
79
66
28
99
78
95
66
22
71
77
99
32
10
34
9
72
42
56
34
26
23
65
88
73
9
99
83
27
32
52
46
96
42
27
95
9
6
6
72
81
4
99
48
24
79
99
27
70
29
79
32
71
72
58
77
87
13
23
32
46
27
23
95
77
4
79
32
29
81
99
46
87
24
50
61
58
13
99
48
4
32
57
60
78
34
24
78
60
9
22
72
14
41
22
60
9
99
97
61
87
39
42
75
48
57
96
72
83
56
13
75
57
41
10
72
14
77
34
11
79
71
96
29
13
11
22
6
71
24
57
50
11
71
27
6
56
9
70
78
99
26
8
14
48
8
75
99
60
46
4
78
78
95
97
28
26
87
99
10
26
78
58
66
77
83
23
77
65
57
56
57
77
96
84
22
14
57
8
84
41
6
78
4
60
75
41
4
83
29
48
8
95
65
95
77
24
42
29
56
77
57
10
42
22
70
28
24
77
68
46
14
81
88
81
9
68
60
56
34
14
43
14
27
57
95
13
6
56
72
78
79
34
61
83
8
88
46
79
72
50
97
32
34
32
58
84
58
6
92
48
13
79
6
50
72
39
75
71
22
6
48
6
11
11
92
72
42
8
14
65
68
34
71
23
60
23
97
32
92
39
4
71
34
28
71
84
87
72
56
78
78
9
83
28
9
34
71
39
43
27
39
78
70
81
70
77
13
27
88
87
72
6
72
24
41
46
84
52
24
29
23
92
61
10
77
14
6
10
77
99
99
58
4
39
71
71
75
88
42
46
68
46
50
70
26
29
32
41
39
99
57
9
70
72
71
4
46
95
11
43
78
10
50
71
58
23
41
52
28
24
79
77
77
41
61
77
78
68
52
22
77
27
14
56
99
24
29
65
39
68
66
10
95
39
43
41
92
92
83
24
81
50
87
23
9
88
57
13
96
72
39
88
43
75
92
97
61
71
48
23
32
75
87
88
87
78
29
56
60
6
71
46
78
6
79
58
66
56
50
52
34
46
52
56
32
42
97
95
99
29
60
27
83
22
71
95
75
28
88
96
39
61
11
13
27
68
41
41
52
9
68
34
96
50
10
22
77
50
34
27
46
42
24
52
96
26
4
78
61
72
75
61
6
99
28
65
88
9
78
13
10
78
99
75
43
52
41
8
77
96
96
9
71
68
60
29
99
72
34
71
57
79
11
9
78
23
99
29
78
81
88
27
24
68
43
39
61
46
22
81
28
83
60
78
41
60
97
50
48
83
68
96
72
50
84
39
92
79
99
26
29
79
23
6
23
27
24
70
92
23
88
58
96
71
99
92
88
29
46
50
84
13
32
26
46
56
50
84
13
95
87
23
99
23
81
48
42
56
52
27
28
81
81
77
9
68
32
48
70
87
71
99
61
70
13
57
14
11
23
22
50
84
4
50
14
27
41
8
78
79
6
99
52
23
87
58
29
42
57
70
83
32
42
22
70
14
92
92
10
79
95
77
29
13
72
66
66
14
23
22
43
43
52
99
60
66
71
79
42
99
32
60
13
96
52
84
27
61
8
39
22
42
84
83
39
68
61
66
39
57
79
68
13
70
71
96
78
8
79
