50
100
50.0
60
26
96
43
93
30
58
9
57
73
80
67
0
55
19
97
39
13
62
94
2
69
6
63
42
80
50
67
35
90
17
24
8
70
83
81
37
18
47
44
29
10
48
1
3
56
40
13
88
83
74
10
41
49
8
76
12
15
1
20
97
33
66
8
5
16
31
76
30
65
69
68
39
63
86
9
68
87
7
54
75
88
14
64
1
63
30
0
0
77
1
63
27
0
46
25
63
52
28
38
0
0
4
1
97
76
82
85
13
53
78
82
99
60
88
9
83
89
95
55
11
54
83
1
6
95
11
45
60
82
55
99
91
69
97
10
0
6
27
95
80
80
27
27
71
55
68
68
45
22
64
46
9
88
82
13
55
13
8
76
95
51
51
8
46
13
54
21
55
0
64
98
79
75
69
75
23
97
21
55
10
36
30
55
56
98
0
25
83
91
83
82
46
28
54
98
64
80
10
45
25
23
79
82
45
88
75
48
25
9
40
97
91
91
23
34
83
79
80
21
69
83
13
61
64
25
45
15
99
84
83
32
60
75
9
54
11
67
88
28
30
64
46
15
67
98
32
97
67
88
27
7
63
39
60
34
83
76
15
63
88
28
0
7
28
59
61
13
67
27
26
15
1
95
51
10
26
6
6
40
48
23
55
75
83
39
30
51
97
69
72
51
60
82
54
27
39
60
9
28
40
95
54
61
1
51
11
91
76
55
92
34
56
25
91
80
32
25
67
80
26
27
61
8
60
80
13
7
26
72
40
30
25
91
82
97
7
98
6
8
25
25
0
34
79
88
56
46
32
60
8
1
67
30
26
82
23
69
97
92
45
7
39
45
55
30
1
76
6
80
97
11
21
69
8
68
55
67
11
91
6
64
69
60
80
98
99
39
10
34
0
15
69
1
8
99
78
63
40
48
32
11
92
99
54
21
82
39
51
91
55
10
61
8
68
99
40
60
99
91
26
45
64
72
1
1
72
30
6
97
98
72
78
30
61
15
9
10
25
76
21
7
32
32
10
61
92
69
11
60
28
54
91
99
69
30
99
75
8
11
23
64
82
25
30
40
99
82
40
83
72
55
13
1
9
34
27
6
64
88
78
51
0
72
69
82
21
67
83
0
61
67
27
51
56
9
80
64
56
46
68
34
99
11
9
80
7
51
13
76
0
95
39
60
13
83
15
45
83
40
25
27
1
63
91
79
6
79
76
45
55
28
95
91
45
9
79
55
98
99
8
9
98
15
83
68
78
61
72
76
78
67
26
8
32
79
15
30
79
95
92
0
54
56
15
64
68
91
27
97
55
30
45
1
21
79
79
10
0
72
9
27
8
54
34
46
6
92
9
26
25
1
7
30
6
95
54
97
21
69
75
39
78
68
13
15
9
95
9
40
68
76
98
7
10
51
92
23
99
98
67
61
8
72
21
23
80
23
30
55
28
15
48
27
55
76
9
26
1
32
68
1
1
68
91
40
82
97
82
45
32
80
11
83
9
1
88
6
45
6
64
97
30
11
13
34
39
51
9
39
63
98
8
1
80
67
15
98
75
39
78
46
67
76
26
15
69
8
82
30
32
76
61
60
56
1
28
91
64
92
80
75
34
28
63
48
8
99
56
91
32
88
63
92
9
75
40
68
51
88
39
26
46
11
99
51
1
10
60
67
40
48
64
67
67
76
39
48
76
54
39
10
13
88
46
78
27
11
34
11
67
28
54
9
27
21
72
64
30
78
63
88
21
56
51
1
48
98
25
64
9
23
67
21
99
88
56
88
23
56
56
97
78
68
23
69
13
13
23
64
82
67
32
39
91
23
69
45
1
69
1
68
95
23
72
95
30
15
79
0
80
83
82
26
21
9
21
91
64
45
68
63
46
23
79
9
7
55
7
60
34
68
34
21
68
23
27
6
78
97
98
80
99
55
76
0
7
0
82
69
7
9
15
60
39
75
0
21
28
64
23
27
79
88
63
91
95
48
88
54
79
34
40
9
80
13
6
34
39
92
63
21
91
11
39
67
45
67
72
75
97
30
54
7
67
54
76
79
67
26
54
51
88
30
23
51
54
8
27
99
27
10
54
97
23
48
27
78
11
68
8
91
97
78
63
6
97
67
32
11
7
88
56
78
45
99
83
69
61
91
10
72
61
30
34
55
97
79
78
60
9
97
9
10
6
88
34
6
8
23
15
21
46
7
51
69
64
26
61
75
82
76
56
63
61
92
8
21
27
25
76
68
28
21
25
32
55
28
75
79
63
68
26
39
46
10
9
32
78
72
