13
100
50.0
40
17
28
58
24
46
39
31
20
14
81
65
60
47
0
89
19
56
96
93
80
12
67
88
6
49
1
57
54
85
41
30
78
87
25
9
15
23
36
21
4
82
13
22
52
44
58
44
66
29
77
62
90
71
97
50
22
1
21
84
67
25
69
38
61
68
55
45
23
6
21
83
88
51
94
95
54
79
4
25
19
91
75
17
96
25
3
21
84
10
88
44
23
21
5
83
10
86
27
74
54
55
82
99
13
4
74
61
30
6
84
21
92
8
56
73
19
26
60
7
83
99
84
63
18
30
19
27
64
32
72
60
49
56
63
38
10
84
2
70
98
67
30
55
35
72
54
58
21
48
83
16
56
27
25
60
22
43
38
75
34
84
72
56
21
58
84
26
14
67
36
35
58
26
58
16
58
16
81
76
5
38
55
96
37
36
14
34
27
99
33
96
53
60
60
74
63
53
35
21
60
30
81
56
63
88
60
81
11
36
70
30
5
11
59
83
88
76
16
6
36
61
7
2
58
26
13
38
25
75
84
88
27
23
58
26
72
64
75
44
2
36
42
70
30
88
21
43
19
58
74
36
96
72
7
7
53
43
56
67
70
67
88
14
7
36
35
5
6
21
72
54
67
70
55
7
14
19
27
54
55
7
10
1
36
5
49
82
56
1
83
23
44
58
63
88
74
38
58
1
76
6
25
21
81
34
60
22
64
19
58
13
76
27
81
2
54
75
27
22
27
5
27
95
82
83
60
44
13
74
25
61
36
27
10
95
35
4
44
30
96
17
72
60
83
56
99
60
5
34
7
2
36
10
10
64
58
27
83
53
34
58
75
22
14
58
14
6
99
6
5
35
58
63
96
35
26
81
26
83
84
56
96
55
83
25
60
58
1
70
10
76
54
44
23
44
43
58
11
19
96
81
75
44
6
84
11
22
14
81
10
4
60
22
16
34
96
2
60
6
58
26
82
17
17
21
58
64
16
2
96
81
26
64
23
11
22
38
49
99
95
25
67
88
56
76
72
36
11
56
26
70
26
81
36
54
10
14
95
4
5
53
44
61
4
7
70
82
53
21
26
74
64
44
53
26
84
16
35
72
95
99
2
30
1
21
27
36
35
53
74
4
17
96
96
26
21
44
83
25
44
53
11
14
19
81
81
13
10
38
6
83
84
34
22
75
64
7
75
96
88
44
74
27
54
44
7
17
54
54
54
13
53
11
2
95
17
88
2
83
1
1
82
67
55
83
7
19
23
82
72
44
5
95
6
30
60
19
17
10
74
4
99
96
30
17
44
95
4
43
96
19
56
88
25
54
67
22
27
82
64
74
99
81
26
76
88
34
23
44
70
25
70
5
10
55
10
26
26
81
5
43
17
36
2
30
5
60
81
74
55
5
27
27
5
88
17
95
34
95
70
53
61
30
2
81
5
11
35
74
44
21
81
84
21
11
16
11
2
67
74
35
19
5
36
1
21
27
19
19
81
95
49
54
36
88
53
53
49
95
7
81
49
82
30
25
96
81
74
26
5
23
58
84
27
5
74
13
19
58
60
38
95
10
64
75
7
63
1
83
84
34
63
56
5
4
17
70
22
5
56
49
56
23
75
95
70
26
16
53
5
27
17
35
55
6
10
74
43
56
76
64
16
17
25
35
83
67
13
7
70
35
38
83
54
83
64
5
76
67
99
76
35
17
75
99
27
64
75
44
10
4
55
76
54
19
13
17
14
54
61
1
76
67
13
27
60
5
16
43
95
30
25
54
34
7
36
13
76
25
72
74
43
67
10
1
81
84
49
21
61
21
2
36
23
44
95
21
14
76
19
83
60
58
76
11
61
34
27
44
1
22
83
74
36
44
21
60
72
76
26
26
19
58
16
75
53
35
27
76
27
35
58
60
26
10
27
11
21
55
30
23
7
25
43
22
44
64
14
11
61
25
81
95
49
60
23
4
84
23
75
7
6
36
74
83
6
75
53
36
81
49
4
16
72
81
38
84
76
5
88
30
35
60
75
36
95
63
27
64
61
82
36
82
81
2
76
74
88
67
58
44
21
35
1
21
21
55
27
95
82
56
26
61
88
60
36
63
21
72
96
55
5
11
64
67
23
88
81
84
22
53
10
36
30
54
43
7
53
99
21
54
99
56
44
19
61
44
70
22
43
22
23
38
14
70
56
53
82
63
23
61
23
49
27
38
2
44
83
56
70
83
27
30
38
58
81
95
27
1
58
55
43
64
36
70
19
74
14
11
1
75
84
72
74
1
96
5
2
14
