36
100
50.0
85
57
19
18
34
45
55
67
65
1
84
27
47
56
10
53
28
7
74
67
79
51
15
61
54
28
86
14
63
11
23
36
65
28
26
69
61
16
4
53
99
20
68
97
11
35
90
46
34
52
96
17
40
32
18
64
38
6
13
70
67
25
77
52
22
65
75
12
39
59
38
12
83
7
32
38
58
28
78
99
77
31
27
6
50
93
91
53
2
73
8
82
11
89
80
21
28
76
50
50
29
48
31
31
42
30
80
49
66
9
72
25
98
99
63
24
31
5
43
80
28
24
24
55
81
60
21
49
34
8
63
61
87
64
77
28
32
34
50
31
38
8
76
21
63
71
52
7
80
10
7
44
51
80
92
55
43
5
43
67
63
24
62
27
96
24
51
11
41
34
83
81
5
28
29
81
83
29
53
89
66
52
67
61
99
64
39
61
27
6
18
94
51
77
66
12
89
33
18
11
11
24
63
88
67
52
27
8
38
66
21
28
82
8
34
55
47
37
27
49
96
80
82
80
39
50
64
18
66
26
43
31
82
61
47
24
80
99
61
89
43
43
25
63
32
39
49
94
52
66
51
80
51
3
61
66
12
96
32
75
65
5
0
52
26
99
80
64
38
76
99
67
78
38
64
96
6
92
89
78
55
8
82
38
82
18
75
6
5
65
67
99
12
47
50
12
32
80
75
10
38
66
12
53
82
49
96
12
34
78
99
65
53
83
26
39
43
49
50
67
18
32
66
47
94
53
63
76
89
95
67
8
78
34
99
57
75
21
5
47
35
66
5
5
39
81
35
7
8
77
7
82
92
75
32
96
89
21
64
95
29
89
39
29
24
95
52
61
76
27
82
53
78
82
28
89
18
43
77
35
47
31
96
39
80
24
89
25
53
11
81
34
80
5
24
76
92
28
61
63
28
39
53
66
28
89
52
65
78
67
95
50
24
76
50
29
81
53
96
53
77
49
10
7
47
31
28
50
77
49
47
21
39
66
51
35
96
53
31
5
27
21
18
51
96
92
35
5
39
32
55
64
27
52
99
99
49
89
38
11
82
31
11
53
43
65
29
27
8
63
32
80
66
6
76
57
25
27
7
80
89
31
99
95
26
63
38
43
61
89
32
49
83
24
61
57
57
35
35
27
99
81
25
51
99
38
29
66
43
27
92
39
55
39
92
76
75
51
61
6
67
66
29
95
38
57
78
47
31
31
55
99
38
39
11
8
34
64
80
26
53
7
50
55
63
5
34
35
43
50
43
81
39
10
53
51
61
92
7
95
83
10
83
6
96
24
39
75
18
32
65
95
92
89
67
34
35
95
99
53
83
61
78
8
24
38
53
64
95
77
95
24
96
66
92
51
96
50
81
26
51
92
47
67
18
7
43
99
96
24
81
67
52
53
55
49
61
92
32
76
5
96
63
67
75
5
6
47
61
28
55
77
80
27
50
96
24
57
50
57
50
25
6
95
34
75
83
78
95
75
57
65
51
95
82
81
18
66
81
35
28
63
8
52
50
64
24
57
27
50
63
51
12
82
78
57
81
76
89
24
75
28
6
78
11
65
92
34
64
81
35
18
25
50
57
89
50
26
99
81
6
57
28
12
76
31
57
63
92
80
65
32
92
82
5
12
29
49
75
31
26
63
51
89
78
49
99
27
26
64
80
50
96
76
57
66
8
67
95
18
47
38
50
81
80
39
89
28
53
32
34
82
10
94
95
5
63
53
5
8
61
65
5
24
65
27
51
43
57
11
52
76
21
11
57
18
99
53
99
77
6
82
63
57
10
76
64
67
94
51
77
6
12
89
18
25
64
27
38
76
28
82
39
63
49
67
29
96
11
77
95
6
77
50
83
24
8
27
8
43
38
63
31
63
94
76
64
76
26
75
80
50
83
55
24
95
5
18
35
28
67
53
52
64
5
75
8
6
38
83
76
12
29
25
66
27
96
49
82
64
27
55
83
31
64
6
95
75
28
65
66
43
53
21
6
96
67
38
18
78
50
81
83
39
11
82
51
21
92
52
94
61
25
50
49
77
5
65
32
89
35
8
31
34
83
76
43
8
38
95
8
47
65
89
27
24
89
67
7
57
82
38
81
78
89
21
80
7
10
82
80
96
7
29
55
65
49
28
64
55
51
53
51
99
96
95
10
55
18
28
39
76
61
35
75
10
63
65
65
82
51
65
39
77
43
66
61
51
67
50
5
39
89
83
94
94
51
82
81
81
80
12
80
29
57
53
78
95
8
8
99
11
11
75
34
12
89
92
24
76
