71
100
50.0
10
70
73
15
81
89
54
41
57
54
4
62
61
85
48
73
42
82
35
29
40
2
10
65
36
24
70
34
98
67
56
87
7
94
71
6
66
75
59
72
43
68
12
29
28
28
17
51
78
98
92
43
28
46
98
6
78
17
30
97
35
58
43
98
13
21
50
64
34
97
53
18
98
47
6
99
45
40
53
81
35
70
1
9
29
14
54
0
3
77
17
84
39
76
37
28
21
40
44
81
72
60
11
79
34
20
86
27
87
26
25
40
10
88
44
34
73
73
16
5
53
4
19
52
63
40
80
72
72
87
55
27
70
33
74
72
70
74
39
44
98
94
78
22
68
98
94
98
66
14
9
32
49
14
94
28
53
29
65
23
80
74
60
55
10
91
38
22
72
39
98
35
66
43
96
30
5
22
74
93
85
55
34
39
40
31
33
53
87
90
63
81
10
22
84
96
66
97
35
12
94
54
81
40
54
64
84
96
29
65
72
68
74
98
6
66
9
10
73
5
17
6
31
14
95
40
4
39
30
29
46
21
55
78
22
68
43
40
22
22
9
87
44
80
63
78
33
35
83
14
73
69
14
27
69
81
55
84
29
12
44
78
66
30
80
68
78
39
40
54
25
44
53
6
87
65
40
46
12
4
28
64
93
32
69
93
5
6
65
80
64
70
14
64
84
74
85
9
80
63
27
17
87
27
39
29
80
31
60
32
21
27
34
46
30
14
31
78
43
46
53
14
10
68
31
73
65
34
8
29
78
53
40
63
74
31
22
22
98
17
84
30
12
94
5
63
87
64
55
44
34
32
17
63
84
53
9
4
64
14
96
64
27
72
80
31
31
84
40
78
97
84
54
32
27
53
30
78
74
30
98
40
31
54
14
10
6
30
68
28
70
28
9
96
55
25
32
28
81
22
70
44
39
27
78
80
55
4
25
12
69
40
17
54
4
43
63
87
28
10
74
81
10
44
70
78
96
54
60
44
12
29
10
55
4
54
63
40
21
34
30
31
22
55
27
73
4
14
63
17
6
93
29
30
32
6
28
29
60
31
87
60
60
21
93
68
68
29
29
22
22
43
25
70
70
4
85
4
63
35
80
69
74
70
80
5
54
33
81
30
85
40
65
66
98
93
33
30
40
65
14
84
85
80
30
29
54
46
34
53
98
39
40
31
27
4
68
94
84
80
70
53
31
6
80
31
93
98
12
85
4
14
14
29
30
55
73
27
34
21
5
29
46
60
27
93
25
74
64
64
72
64
27
98
63
21
40
31
74
55
31
73
4
72
60
98
53
96
27
25
66
80
10
96
28
98
9
40
33
17
54
80
73
12
27
30
64
74
40
31
60
12
40
30
30
60
25
97
34
22
85
64
27
68
73
34
85
5
55
31
69
54
68
32
81
35
72
39
25
10
29
33
93
81
93
34
6
55
5
98
4
25
39
64
53
25
39
64
80
85
21
97
74
5
85
14
64
94
5
97
65
40
68
44
65
12
29
46
40
87
5
17
40
74
17
87
74
94
5
46
25
53
84
39
55
87
43
25
46
44
98
63
87
97
34
97
63
65
17
32
33
85
4
14
78
44
84
44
66
30
84
84
25
21
94
78
44
93
28
12
68
66
39
43
84
87
84
73
21
97
22
46
35
46
63
31
43
27
29
93
80
46
53
96
96
81
53
14
4
72
44
46
68
43
84
28
84
6
28
44
73
34
98
4
53
68
98
96
63
94
28
69
55
87
33
9
54
72
33
33
74
54
29
69
60
30
40
80
39
21
60
63
54
78
17
78
63
25
81
31
4
98
31
40
46
9
35
80
27
93
73
40
54
44
28
6
94
64
6
84
5
12
69
43
73
69
22
10
25
74
53
63
64
63
74
30
98
98
73
9
98
93
22
12
27
22
4
54
22
72
4
55
80
31
25
29
10
29
28
70
31
85
14
80
9
64
72
80
54
32
6
22
80
25
97
69
39
98
27
66
29
60
97
28
68
34
68
39
4
70
78
68
28
80
21
85
93
60
30
60
69
4
65
44
85
87
84
80
70
87
6
69
72
93
73
9
25
72
81
53
4
34
64
10
96
21
33
84
29
78
97
21
21
65
29
64
68
9
98
22
14
27
30
96
21
34
94
98
14
34
78
63
29
80
68
70
29
17
10
12
30
31
4
96
29
6
35
32
72
46
27
78
32
72
93
39
60
85
81
31
6
93
31
5
63
70
94
6
40
66
85
63
12
55
81
65
27
40
65
6
69
78
97
43
32
22
94
84
21
66
