25
100
50.0
95
28
81
97
19
99
96
36
25
70
64
27
44
90
50
55
92
72
35
36
80
0
38
42
15
60
6
40
56
91
53
52
28
32
28
12
88
81
87
12
11
93
69
98
13
40
3
95
23
61
77
35
63
21
30
13
36
89
86
59
40
1
80
35
85
81
20
59
87
87
14
22
21
77
91
81
65
31
87
88
18
3
22
62
95
83
33
34
54
48
12
24
39
78
22
78
68
65
14
84
51
49
33
75
40
13
33
17
43
36
81
82
36
41
5
83
46
81
10
80
2
8
33
46
21
58
83
46
80
65
75
39
31
4
29
87
76
3
72
55
95
14
94
29
88
88
55
33
39
45
21
13
27
45
24
79
21
74
40
3
71
27
18
0
25
79
7
83
13
79
21
71
26
36
8
95
79
91
9
7
49
77
65
45
46
83
16
8
45
0
8
27
29
55
18
13
21
39
27
71
21
57
16
25
77
57
73
77
74
31
36
74
7
80
24
3
73
67
46
39
76
77
80
78
29
40
12
74
40
40
46
57
37
29
12
90
91
21
31
31
75
73
26
7
31
33
88
59
65
28
37
74
49
39
72
74
87
39
40
16
21
36
37
26
21
91
31
18
36
80
55
12
39
91
28
8
83
14
71
0
49
8
33
26
95
29
14
83
95
75
73
90
36
91
87
73
14
95
87
27
27
7
94
24
87
95
77
73
75
80
22
29
13
90
14
14
21
77
18
77
71
25
22
8
78
81
88
78
81
87
14
94
16
94
36
40
49
24
45
72
36
59
95
77
72
0
35
77
90
47
24
12
49
95
24
35
36
72
45
37
81
21
26
74
78
26
90
40
65
12
39
39
73
90
81
73
27
14
22
16
55
37
14
36
65
35
21
95
27
31
83
18
75
73
36
35
55
25
37
87
75
65
49
40
45
27
81
25
81
3
55
8
72
27
36
26
40
47
36
49
31
95
33
65
26
90
78
29
35
24
80
8
66
88
21
13
26
39
57
22
3
95
16
26
78
7
29
16
29
49
26
28
8
90
8
35
45
21
28
39
47
26
14
72
29
46
77
35
31
22
36
79
22
55
88
40
40
39
47
28
16
22
95
14
8
78
57
31
74
47
18
21
37
33
80
14
36
71
47
72
8
95
47
75
39
95
12
87
27
28
12
65
46
21
80
16
25
8
95
0
8
22
74
33
55
46
40
26
90
22
71
12
65
45
0
21
16
0
22
71
77
46
39
59
40
81
55
31
72
47
49
78
95
27
28
57
72
45
75
28
78
26
57
26
14
76
95
21
77
94
71
79
81
74
12
94
79
0
77
13
90
73
90
94
14
83
21
95
88
37
37
3
72
27
74
26
8
91
29
27
55
16
72
72
16
18
88
29
40
76
18
16
73
14
31
65
31
76
91
21
27
33
75
47
25
57
59
74
35
83
3
79
46
24
49
16
16
46
37
83
94
45
95
27
90
47
3
36
31
25
55
81
81
21
28
88
26
31
45
49
94
65
95
49
7
27
39
18
8
28
35
78
25
7
13
87
80
95
95
59
25
74
7
75
87
29
79
18
0
27
73
78
46
71
45
94
80
78
76
26
95
79
24
7
25
18
90
28
37
71
27
45
22
73
24
83
7
79
46
79
59
57
22
75
80
22
81
47
77
77
83
46
80
27
7
24
81
81
78
3
24
21
12
25
40
16
29
88
75
71
21
40
94
36
25
37
91
95
33
18
55
7
28
87
26
80
88
35
65
78
35
49
59
7
33
37
36
73
27
27
8
55
77
8
39
88
3
59
39
71
18
76
94
7
74
18
80
27
22
71
27
80
94
72
94
26
24
12
81
80
21
26
87
91
91
47
27
27
40
55
47
39
35
73
57
77
28
59
87
75
40
27
25
26
74
74
78
33
14
71
28
88
79
74
16
0
80
76
37
27
35
80
31
90
83
73
83
81
55
24
8
87
3
81
73
37
33
25
13
81
26
3
74
21
45
73
65
16
28
65
95
39
94
45
91
45
73
37
83
40
16
21
33
71
12
95
36
3
81
83
7
18
71
80
3
55
91
74
13
87
35
78
91
57
26
79
59
83
25
91
26
18
80
27
65
91
14
49
39
87
14
21
49
77
31
25
0
27
8
37
49
72
24
57
83
29
95
12
73
80
55
80
16
71
37
7
71
73
55
45
74
80
71
8
88
40
79
80
33
77
39
8
73
8
95
26
35
87
39
16
95
8
83
91
28
28
94
16
88
26
24
14
45
33
74
31
88
0
80
94
