88
100
50.0
63
49
36
30
63
81
85
50
60
14
33
29
55
22
6
76
41
70
84
0
83
9
94
28
69
35
23
45
66
21
38
77
87
98
96
53
16
39
46
59
82
45
29
90
19
66
20
86
1
15
83
48
11
17
97
52
83
86
72
59
63
92
55
89
14
12
26
33
54
33
14
62
48
19
99
24
27
31
32
74
78
48
52
79
17
73
87
34
91
97
87
57
33
45
3
48
75
13
10
29
86
83
97
93
83
52
86
62
64
44
21
18
97
14
8
58
66
5
71
45
55
18
56
45
25
87
1
99
61
82
3
18
65
59
17
87
47
21
95
42
67
66
5
4
64
17
15
78
71
62
56
58
63
23
58
3
37
47
73
25
65
29
25
30
98
19
59
23
51
63
25
61
58
73
87
45
67
88
98
65
61
97
30
45
67
25
21
48
3
51
21
30
17
19
25
71
67
82
87
14
85
68
30
5
88
55
97
4
73
67
25
67
85
66
56
67
63
78
55
51
71
25
78
89
1
65
45
71
66
45
71
23
88
51
56
29
63
49
29
80
1
87
15
62
78
52
43
47
52
15
49
67
4
49
67
23
1
17
85
83
68
47
19
3
52
29
98
65
2
82
58
59
7
97
2
64
5
40
51
21
87
85
21
49
15
49
55
89
82
4
85
25
63
19
49
5
1
51
33
30
61
30
25
98
21
17
1
25
23
61
89
83
59
4
17
89
89
64
86
15
82
68
23
33
3
89
3
91
17
56
85
68
56
33
18
91
29
63
99
15
21
1
33
88
61
83
5
73
86
3
71
23
71
55
68
88
55
52
99
45
63
14
29
89
88
87
29
64
63
68
97
62
63
78
65
23
56
40
62
18
43
56
62
33
56
30
87
82
33
19
48
98
58
5
4
43
48
91
51
61
43
29
2
59
25
59
97
19
17
62
14
48
4
73
30
66
49
1
97
2
86
87
2
73
88
86
98
21
97
30
87
45
65
21
47
97
51
17
21
64
78
78
99
82
85
51
25
91
88
40
78
55
91
52
18
71
30
88
55
85
21
58
86
64
15
47
85
85
49
68
63
82
87
29
87
55
91
89
40
1
4
5
40
89
49
23
4
15
52
40
98
55
67
99
43
82
67
61
62
5
1
43
17
48
63
21
58
86
91
17
45
52
1
33
67
67
47
59
18
58
56
43
15
89
58
78
98
1
49
89
68
33
33
65
89
40
51
87
88
73
68
61
98
33
3
5
98
88
29
1
14
49
52
14
83
66
43
85
1
61
87
61
33
40
82
83
43
1
51
19
43
63
47
2
89
15
55
61
45
58
73
18
98
14
55
78
49
14
55
49
89
48
33
62
71
55
78
86
59
71
47
55
63
98
71
33
88
45
29
61
5
66
45
73
51
85
19
68
85
56
65
86
33
99
97
56
99
4
23
18
89
47
3
89
91
56
58
51
86
49
3
85
47
98
82
3
23
58
98
23
73
65
91
68
99
40
66
29
4
59
40
33
86
19
14
1
18
86
78
5
89
56
52
88
59
33
73
51
55
40
63
68
30
99
98
87
17
89
62
73
87
5
73
99
61
25
49
91
18
56
49
40
73
65
33
78
40
62
29
47
89
29
29
67
83
59
45
55
86
17
5
67
14
47
64
97
52
45
64
14
21
97
86
25
91
62
56
19
14
66
56
43
47
98
40
23
21
55
19
49
86
33
43
86
52
52
52
48
18
97
73
78
14
3
85
33
3
68
62
73
1
98
67
48
71
29
56
1
30
29
86
86
51
68
78
98
86
51
23
73
85
61
63
63
68
5
58
33
99
48
78
78
55
43
73
71
89
40
62
21
83
47
91
99
2
61
30
99
21
97
52
91
23
98
1
40
4
71
14
91
64
68
30
64
17
5
4
1
23
3
40
48
21
61
89
61
25
30
29
45
4
58
48
30
30
71
3
97
67
33
30
62
49
68
61
25
71
55
87
89
99
40
87
3
2
18
85
25
59
71
3
68
65
98
89
87
18
4
66
58
30
67
30
98
29
62
86
85
43
5
58
62
63
1
66
85
2
86
30
45
66
25
78
45
99
52
19
97
1
49
56
45
43
99
61
47
88
33
66
14
68
91
64
56
56
67
59
65
62
61
52
14
15
89
1
91
91
23
30
59
83
71
89
17
55
1
67
97
52
48
68
59
64
40
2
66
18
23
61
23
45
15
61
68
33
91
52
88
29
59
3
49
15
19
89
86
25
99
40
88
87
47
64
88
87
51
71
67
58
67
