29
100
50.0
25
50
74
80
19
39
44
31
51
64
81
9
18
81
45
39
22
11
42
92
1
83
34
65
65
83
95
63
84
85
73
8
66
33
54
5
92
95
7
21
37
53
16
35
61
21
0
16
10
57
35
37
87
69
84
16
27
59
32
52
34
23
90
80
30
8
71
81
2
26
67
20
13
29
3
82
97
41
73
77
60
21
36
54
1
75
82
95
69
48
99
62
40
1
69
21
58
86
49
1
81
24
8
49
92
36
15
46
86
88
36
2
41
79
96
78
64
56
76
94
68
24
96
95
82
23
81
2
46
83
73
96
78
81
55
81
55
36
35
43
39
80
93
72
47
34
11
35
0
14
10
81
24
35
15
72
38
72
15
82
95
64
37
92
10
41
64
28
14
80
34
46
34
81
46
34
43
6
36
4
24
1
14
49
24
6
84
89
16
23
23
81
68
16
68
78
23
49
64
75
11
10
86
10
75
15
41
82
81
81
15
64
96
75
34
52
14
6
75
41
24
41
86
55
30
35
68
76
0
64
92
8
76
6
93
36
92
43
75
8
68
12
72
8
84
24
1
15
1
46
36
16
84
37
84
85
37
43
52
92
93
89
78
77
86
43
17
81
30
11
98
83
54
80
11
80
89
82
53
55
70
39
77
37
76
6
54
85
43
68
41
39
53
1
12
1
85
41
73
75
41
85
41
76
68
80
83
30
73
35
11
64
36
86
91
1
83
53
0
1
69
12
6
93
30
49
53
55
41
84
35
52
0
92
23
81
80
80
35
65
46
73
55
11
64
53
53
95
76
46
82
64
8
30
92
69
75
6
81
12
8
0
77
85
76
68
43
0
0
6
83
43
80
11
68
12
34
64
24
65
46
96
35
15
24
36
93
92
53
86
0
36
82
65
55
86
84
80
11
64
93
78
8
53
1
73
85
73
41
15
76
11
92
54
75
55
69
8
43
24
52
10
89
84
69
55
64
10
85
75
72
41
46
82
14
55
21
54
39
93
96
23
14
53
82
14
85
93
11
1
24
10
65
84
41
65
89
34
83
8
37
89
93
12
86
76
52
53
15
6
35
37
1
80
37
43
52
39
92
78
15
23
78
6
1
89
10
43
39
23
52
36
89
12
6
43
64
21
69
14
49
89
0
21
30
39
49
78
73
83
80
21
81
54
30
10
49
55
23
81
41
49
64
12
35
85
76
78
52
65
78
0
30
49
89
6
55
92
96
23
37
76
21
78
37
86
36
39
1
89
46
21
68
14
73
21
73
1
35
2
11
82
92
55
12
92
21
30
80
81
77
10
10
73
8
80
41
96
86
43
10
93
76
34
6
75
53
12
82
93
68
69
6
24
72
36
49
55
75
81
34
12
39
16
86
65
75
16
85
80
14
73
68
6
11
77
92
6
52
78
77
86
1
72
54
82
64
46
77
85
77
75
86
24
69
85
12
68
11
64
34
86
82
86
75
6
93
84
37
37
30
65
36
2
69
69
52
95
76
76
37
89
14
1
2
12
35
0
81
12
55
69
72
92
82
10
12
84
89
82
85
85
10
52
6
78
52
34
24
14
80
89
83
14
89
53
21
80
49
6
72
43
69
84
78
83
16
15
49
78
30
39
85
6
69
12
92
49
15
82
8
39
36
83
10
16
10
41
77
11
2
14
11
76
11
1
80
80
43
82
85
15
75
11
81
14
49
81
76
73
10
75
39
95
84
52
21
64
75
86
69
64
72
75
0
6
89
69
46
75
92
53
11
36
34
93
86
46
76
1
39
15
10
82
41
49
37
36
21
81
37
64
0
49
65
69
41
34
11
72
55
76
0
83
46
30
69
15
82
68
8
37
89
92
14
64
0
35
23
46
34
54
10
84
34
76
24
55
30
86
54
95
53
34
11
8
36
80
78
43
96
64
96
8
86
54
10
64
68
11
24
21
39
0
92
72
37
21
54
73
53
12
89
10
73
93
34
76
73
36
86
86
68
24
30
81
37
34
53
36
16
92
39
6
11
39
69
34
54
39
93
41
55
89
35
11
12
69
85
76
1
37
23
35
96
30
24
65
77
52
10
89
0
35
84
23
41
12
82
82
95
55
6
16
77
37
24
85
14
12
82
10
72
83
72
82
96
15
53
24
35
85
41
46
36
73
16
69
14
10
10
37
80
75
41
78
92
36
55
83
77
15
68
82
1
73
83
24
77
65
37
11
12
83
76
6
37
92
39
52
12
37
1
23
96
2
93
77
41
96
77
77
24
11
52
82
16
16
93
89
