2
100
50.0
41
32
95
50
39
10
7
41
94
90
99
94
85
14
1
70
29
90
26
44
28
72
2
22
32
31
2
90
53
94
47
42
35
27
63
11
32
91
62
8
70
20
67
97
89
58
81
59
79
22
56
99
8
93
36
90
90
72
25
90
37
78
2
15
27
0
92
4
74
27
13
84
98
43
69
6
73
70
86
12
52
86
27
21
82
68
48
54
15
51
56
37
60
85
9
87
90
15
4
37
32
71
45
55
32
33
21
90
27
8
65
79
64
8
80
3
99
4
89
49
17
91
19
80
32
89
66
69
61
65
79
77
32
24
57
35
93
51
76
99
57
56
61
70
32
63
32
72
76
63
96
8
47
83
88
37
8
11
27
55
89
83
79
83
91
88
76
94
56
70
32
8
69
76
43
79
57
91
4
82
5
51
72
11
99
18
46
34
82
51
4
19
8
61
26
40
91
90
86
8
4
15
2
80
27
11
16
89
61
63
65
30
2
35
24
80
11
17
75
76
74
57
35
37
99
47
72
23
81
8
93
57
47
8
80
63
8
91
63
88
88
15
29
86
21
80
37
47
33
33
86
83
33
93
56
17
88
61
38
88
69
38
41
86
91
21
55
47
86
80
30
51
99
17
17
79
93
72
34
38
82
29
83
17
24
65
32
63
38
19
55
19
80
91
26
88
19
88
90
35
24
91
69
51
17
70
56
76
23
2
23
57
85
56
19
76
4
24
91
34
2
24
57
4
23
94
94
55
91
43
79
35
19
35
72
38
15
11
57
70
57
29
35
61
88
80
41
2
94
38
56
79
69
89
80
61
21
74
29
61
33
37
70
74
76
86
8
90
65
19
27
29
34
80
26
80
65
30
22
37
65
23
61
57
65
88
38
17
35
21
88
99
63
15
61
89
33
27
22
47
86
34
65
57
55
93
86
33
41
72
81
57
86
63
99
86
27
72
22
35
81
79
61
61
37
19
4
23
89
57
89
19
30
37
82
41
38
56
19
15
47
35
72
26
79
32
72
22
88
94
56
61
47
47
94
30
15
55
99
83
79
38
34
93
56
27
91
33
51
83
27
74
85
88
30
32
61
51
27
56
32
57
33
85
33
69
86
86
23
79
99
85
86
41
56
65
26
29
33
79
81
30
29
74
91
63
15
57
74
41
82
26
51
17
11
91
51
72
43
69
33
33
11
74
41
30
72
90
86
91
72
43
99
32
17
57
79
38
94
32
86
89
17
51
22
80
94
30
65
55
4
61
86
88
21
26
11
56
33
24
57
81
29
74
85
11
2
26
69
79
76
11
90
2
90
51
19
11
57
47
86
63
11
88
43
24
37
24
55
37
41
61
11
32
26
61
24
41
24
72
27
22
72
22
93
86
80
94
80
17
55
33
51
93
99
29
63
27
51
29
82
21
33
38
79
2
88
23
19
79
19
85
15
2
88
91
82
76
79
51
41
47
22
22
63
99
83
85
30
82
63
57
63
81
89
8
21
88
74
4
15
37
90
24
79
89
35
76
76
24
94
19
30
38
33
23
65
38
41
37
32
70
74
35
47
47
15
83
43
43
88
74
8
70
81
11
90
41
2
61
63
93
69
83
26
43
76
21
47
79
86
72
89
29
76
80
22
43
33
89
93
19
47
89
41
63
81
4
32
80
94
22
57
83
21
85
81
34
41
41
91
51
69
21
69
2
17
47
99
63
8
43
81
47
86
24
76
23
29
70
22
56
32
86
99
72
90
72
72
79
47
47
4
30
82
65
63
65
21
65
89
91
27
21
21
82
91
70
94
56
80
63
23
65
11
8
15
72
85
43
57
41
29
41
30
90
89
69
63
86
24
51
30
26
80
82
85
74
72
89
88
30
80
69
90
19
34
24
17
83
76
81
37
2
24
47
33
91
8
93
21
27
23
79
43
90
37
29
80
69
82
63
26
93
47
74
99
34
94
93
8
93
63
38
79
88
47
74
38
11
86
63
88
63
2
43
89
8
90
21
17
34
80
70
37
41
34
43
85
38
79
21
86
2
80
22
26
33
23
30
32
88
99
21
21
33
99
17
23
55
37
74
19
30
19
38
29
56
91
21
82
57
11
81
88
65
94
21
24
90
37
4
47
35
33
29
43
65
15
74
47
35
8
72
72
43
29
86
32
2
17
94
82
93
79
33
69
29
23
4
63
74
83
11
27
91
51
8
61
57
23
88
26
56
63
57
81
61
8
76
91
86
85
65
2
29
61
55
22
79
63
27
38
32
89
61
99
86
70
24
