80
100
50.0
76
7
10
24
80
53
98
35
59
27
98
51
58
45
19
18
40
43
78
84
93
27
55
32
62
30
6
73
82
0
72
17
47
16
23
76
33
42
24
25
26
85
15
60
19
87
4
77
20
54
62
92
32
97
28
51
65
72
88
85
50
58
98
70
77
63
12
89
8
91
95
74
44
49
50
5
89
15
71
96
36
41
94
32
51
80
27
14
29
66
46
8
83
76
98
50
81
14
92
80
72
22
30
97
48
97
41
58
70
34
68
62
36
76
28
53
15
75
53
37
84
2
58
32
57
67
64
53
6
70
77
6
77
58
9
0
37
54
90
31
96
55
86
52
79
38
21
54
69
0
16
76
21
62
97
86
60
6
55
77
28
24
53
70
84
52
50
80
61
83
50
96
41
6
92
28
70
86
0
15
70
30
53
60
24
98
27
38
53
96
14
90
0
58
51
94
36
36
58
96
70
11
56
85
1
1
58
73
6
3
8
83
80
83
41
27
32
76
99
97
15
21
89
21
96
55
19
76
70
98
39
19
98
60
90
39
22
83
22
27
39
13
6
13
85
13
50
54
32
51
83
30
75
28
3
38
96
37
94
0
72
90
73
85
96
51
32
22
32
55
62
3
98
90
98
53
85
72
85
60
30
83
38
32
41
36
53
76
89
85
75
72
8
3
72
92
50
13
19
34
3
53
50
6
84
73
73
41
75
22
60
75
60
70
90
55
84
14
0
72
72
60
52
27
55
75
41
58
96
15
80
92
75
53
38
96
14
94
94
37
76
77
80
8
0
28
86
96
92
55
73
19
85
92
14
84
51
97
54
60
0
90
98
39
73
28
38
27
32
51
32
32
27
15
86
86
80
0
41
15
86
39
76
14
76
76
50
62
55
13
3
58
24
76
27
32
92
92
86
94
50
54
16
24
3
28
34
30
72
37
3
55
6
27
73
39
89
22
97
86
97
84
62
3
83
37
34
98
37
90
58
3
13
76
34
70
19
30
0
62
41
16
52
76
89
96
1
55
96
96
41
62
62
92
50
80
62
41
92
96
8
28
21
70
51
98
83
36
86
90
1
15
84
96
72
16
60
14
14
55
53
86
37
80
90
94
16
52
27
98
24
15
98
13
77
60
98
52
15
62
90
86
51
83
89
14
41
75
83
83
36
14
84
24
75
58
19
13
1
38
98
70
62
50
54
98
1
52
36
15
50
73
1
0
85
0
58
62
54
15
90
77
53
14
53
36
34
51
53
24
50
77
14
38
75
86
73
28
8
52
75
8
80
37
37
30
0
62
94
55
92
6
94
94
14
8
13
97
84
27
85
97
32
98
28
96
6
8
54
89
24
62
39
55
96
84
21
50
38
96
24
83
19
62
54
39
1
13
8
1
60
53
55
70
41
32
54
19
30
39
14
24
34
53
3
77
38
34
14
55
28
1
27
0
76
13
80
3
94
97
34
38
83
72
86
1
30
16
16
84
94
14
98
76
30
83
54
28
34
90
32
84
16
97
58
90
8
37
14
54
8
6
27
8
53
28
89
94
77
39
19
6
37
97
76
97
60
89
90
37
38
51
39
77
83
16
85
62
3
84
92
24
22
6
89
19
77
19
37
51
50
76
94
13
15
39
38
52
54
16
37
97
75
83
62
19
32
37
3
80
16
19
24
39
27
98
19
24
53
30
19
0
37
53
13
28
86
21
52
27
92
89
30
16
50
32
98
98
60
98
36
1
84
83
73
80
21
70
76
89
92
58
6
73
55
41
96
53
76
3
92
8
21
36
22
80
36
3
92
92
36
86
22
73
97
14
15
90
92
75
14
16
34
96
6
72
98
30
28
84
37
72
22
77
54
89
41
3
32
89
58
77
24
39
60
24
70
58
22
60
52
6
72
55
55
28
73
27
13
96
73
72
14
24
86
85
19
77
84
14
97
39
30
83
3
38
94
34
75
52
30
13
27
13
13
21
24
8
80
22
84
3
36
27
34
16
86
30
77
89
16
86
38
30
55
16
37
70
50
14
90
16
92
22
58
50
50
98
13
41
24
80
94
27
27
41
70
13
53
51
0
6
60
58
34
30
75
72
28
38
30
86
77
75
86
0
55
70
96
52
52
15
6
54
85
75
54
27
96
1
13
27
97
80
15
39
13
3
80
84
53
41
77
8
90
16
0
96
50
75
0
60
98
58
86
76
16
60
39
30
55
15
21
92
98
36
15
32
15
75
13
85
15
30
19
13
22
27
51
41
76
28
60
15
85
50
19
37
19
96
