11
100
50.0
17
18
4
72
60
68
15
82
10
66
53
51
25
68
35
44
16
21
61
45
78
7
33
29
87
94
48
29
9
55
59
34
79
99
24
65
1
89
5
1
27
73
52
15
57
61
17
77
12
67
70
36
38
50
38
61
18
55
97
93
85
98
93
64
42
93
3
56
11
1
41
41
14
49
2
15
22
93
69
31
6
83
0
37
80
9
41
99
82
92
92
33
21
58
5
49
88
17
9
82
72
75
61
61
72
71
64
93
42
41
63
86
74
76
13
57
30
30
93
40
93
17
33
33
49
3
82
11
42
99
17
63
72
7
23
90
29
54
13
44
19
92
88
15
69
55
44
93
55
33
82
99
18
40
88
14
46
81
33
27
21
44
92
14
96
13
62
55
8
72
33
55
1
19
20
90
72
14
81
42
55
61
55
28
30
19
33
30
40
11
68
17
33
1
29
7
81
33
99
92
11
41
60
55
30
42
10
85
10
46
68
1
61
49
13
49
46
46
33
88
14
30
91
33
1
39
57
13
26
38
88
86
11
55
70
18
95
93
0
21
55
98
13
13
0
13
46
32
70
60
69
29
68
10
47
11
92
3
10
60
63
85
3
13
41
61
1
27
41
11
29
42
28
33
72
0
85
72
63
14
17
38
63
49
28
82
39
15
46
90
61
3
1
60
17
60
29
27
86
13
17
85
55
70
85
61
64
44
68
1
68
11
81
7
46
60
60
70
15
13
13
68
44
10
64
43
49
40
86
69
21
1
46
15
49
98
81
14
0
68
86
88
86
69
98
10
14
21
63
86
28
70
14
1
44
90
99
33
10
40
61
60
69
99
17
69
38
46
30
21
68
19
39
9
0
17
60
10
13
42
1
30
9
81
55
18
21
46
63
17
39
38
38
38
47
0
61
7
11
47
47
33
0
3
98
49
41
9
46
46
9
27
90
42
99
39
81
46
5
68
3
18
5
3
47
64
99
30
41
64
61
86
44
63
39
61
49
57
18
64
68
13
14
55
9
90
69
0
30
7
57
9
85
84
70
61
19
46
68
64
38
90
72
81
57
41
49
47
38
47
82
13
85
0
90
19
49
47
40
9
39
18
0
81
9
13
69
0
17
42
13
0
42
81
11
38
33
86
40
61
63
84
57
70
46
39
5
19
69
85
88
44
49
33
27
1
61
63
99
15
63
70
88
64
13
61
15
42
47
42
63
1
82
63
85
81
92
86
5
1
46
10
5
10
21
63
55
9
27
81
1
69
28
99
10
82
55
30
49
21
85
70
61
57
44
86
92
14
39
1
40
0
81
17
82
86
28
64
86
39
28
64
86
72
92
9
63
98
70
85
49
68
10
27
57
0
98
46
68
11
68
72
49
42
29
68
0
11
9
84
82
92
7
70
15
49
85
40
5
42
14
19
13
15
39
88
5
13
82
21
21
29
47
10
68
15
38
7
99
1
9
13
41
55
93
28
1
3
29
63
84
38
3
70
38
46
3
44
86
70
18
18
15
46
84
5
68
42
46
64
98
19
64
30
10
70
17
88
1
90
21
93
33
40
90
72
27
61
84
72
70
30
27
14
5
57
81
10
61
93
14
21
40
39
27
1
0
84
81
38
86
41
14
40
72
72
81
70
3
72
44
1
69
10
63
90
69
64
28
21
44
11
84
18
68
14
92
27
42
46
64
27
55
61
49
38
57
38
82
1
14
17
84
38
5
49
19
30
64
10
63
3
0
47
0
42
55
72
44
39
69
69
27
41
47
86
93
21
92
3
21
42
17
29
42
84
92
7
47
55
92
81
82
69
90
33
98
44
72
5
17
69
70
99
49
15
57
21
5
42
28
68
10
47
38
92
92
99
27
82
40
86
68
27
86
14
49
63
72
63
68
47
68
19
39
40
61
3
68
14
11
68
72
72
40
30
88
17
57
60
69
30
33
19
46
47
17
38
64
5
1
13
81
15
38
38
19
18
39
61
60
0
14
19
84
44
90
98
92
29
68
98
82
10
29
30
46
7
70
0
70
44
3
88
13
11
38
38
93
7
27
70
99
92
85
82
38
61
42
1
84
72
92
17
84
5
60
40
82
86
88
88
42
93
86
57
38
86
99
93
81
15
41
99
19
88
82
68
29
81
42
41
68
60
82
41
46
28
38
60
49
61
99
93
11
93
81
10
38
40
90
46
82
44
17
49
99
18
85
19
21
46
57
70
84
7
42
11
14
5
0
40
29
18
40
42
28
88
29
27
1
99
14
33
84
42
47
11
82
64
