60
100
50.0
68
64
40
72
7
50
75
51
23
10
10
31
20
54
24
86
12
64
43
38
56
57
4
76
80
55
59
73
93
53
3
19
32
25
61
44
83
35
29
2
64
47
45
55
62
70
9
5
37
17
55
93
23
58
52
28
6
13
90
92
60
77
1
0
21
96
25
0
49
71
98
18
37
91
27
63
14
37
97
10
41
3
85
99
15
25
34
65
48
21
81
37
37
88
70
66
33
19
90
48
23
93
1
55
96
23
11
2
42
93
37
67
25
8
28
22
17
98
55
93
32
18
6
56
56
35
37
35
17
46
96
47
6
87
19
28
85
91
16
3
85
45
62
25
36
85
0
28
3
92
81
81
66
18
93
66
83
82
83
89
94
93
90
8
17
22
61
55
81
66
3
61
84
90
66
18
26
2
84
74
79
85
6
2
95
43
8
98
65
70
56
25
55
47
64
18
47
96
1
19
51
85
91
22
84
64
43
96
90
45
70
39
51
17
62
45
98
98
98
55
56
78
19
3
2
85
66
28
61
25
3
6
8
59
47
25
49
93
43
21
66
21
1
18
22
28
82
69
2
82
35
92
90
96
96
37
47
49
98
2
88
66
6
70
61
64
97
55
59
65
66
10
23
10
70
1
21
84
56
84
84
18
96
56
70
8
1
84
66
19
47
18
59
88
0
48
47
1
91
17
85
10
19
43
67
22
49
97
81
47
17
51
62
1
88
83
32
93
61
51
87
47
97
83
30
6
91
84
1
97
23
87
25
18
90
35
21
65
74
47
10
87
6
59
64
83
6
92
1
18
96
56
64
55
35
62
56
97
37
49
65
87
83
17
91
19
92
74
49
32
64
87
98
91
81
17
32
97
22
0
67
87
56
30
84
48
61
55
17
8
56
56
81
37
45
65
18
67
32
96
47
61
65
17
84
32
19
74
88
28
19
17
55
21
61
96
55
65
85
2
90
82
84
85
83
3
43
1
10
48
61
55
6
96
28
48
92
10
37
61
62
64
98
66
97
47
35
87
30
85
92
48
74
1
32
81
10
88
98
64
82
1
35
32
3
37
25
17
23
0
22
55
6
17
22
3
2
45
48
47
17
43
43
2
90
66
45
19
43
49
59
18
2
81
66
30
21
98
65
90
28
2
81
91
22
96
18
65
10
43
67
19
74
2
98
47
3
65
74
8
66
43
55
74
3
98
19
59
88
81
98
21
37
81
97
30
6
18
84
17
87
35
61
43
61
88
28
87
1
64
51
55
62
85
49
87
43
56
62
3
6
61
74
3
65
21
59
82
45
66
18
96
55
49
85
84
64
48
0
47
51
43
65
2
91
66
18
48
3
64
37
90
8
23
25
92
82
47
98
0
1
1
28
1
85
90
85
56
70
56
65
10
59
22
32
1
2
49
64
87
51
45
3
55
70
55
87
22
56
61
87
37
96
17
8
96
21
64
18
88
35
28
93
47
51
6
32
3
88
30
93
21
30
19
92
97
2
32
35
55
74
8
32
70
22
35
37
30
81
51
97
82
97
74
2
55
84
97
87
91
8
49
10
66
97
18
28
18
88
28
64
25
17
1
49
64
56
32
17
65
62
64
66
19
32
25
74
81
92
61
32
49
25
17
32
30
10
91
92
32
62
6
59
82
67
43
45
47
81
61
81
17
56
22
6
82
97
18
61
83
74
19
93
83
84
64
43
55
84
93
47
3
8
91
93
28
61
2
98
49
21
8
87
8
81
55
23
61
96
82
8
74
97
65
21
30
35
18
8
91
18
2
18
67
85
22
67
62
23
56
35
98
6
3
67
84
88
0
6
47
32
83
96
45
28
67
90
30
32
55
47
85
93
30
62
59
87
43
82
35
30
56
74
21
2
2
84
49
66
18
93
55
23
74
82
67
87
88
98
84
22
87
37
47
28
91
45
3
84
92
88
17
10
56
70
37
28
35
55
35
92
32
30
64
56
62
70
43
84
83
65
30
48
83
51
49
43
8
59
66
56
45
85
56
10
23
70
37
10
18
6
88
66
87
96
83
18
10
61
25
23
55
22
22
65
51
10
56
92
87
49
18
91
96
49
22
23
35
84
90
70
10
10
1
62
48
47
51
85
56
59
93
2
47
0
66
45
55
18
93
62
1
2
2
6
0
32
85
6
23
19
61
84
59
92
70
6
87
48
92
37
87
35
62
2
66
65
28
65
93
88
6
98
65
81
85
90
17
6
17
49
19
85
0
18
84
88
43
43
23
3
66
28
65
90
51
59
66
51
43
