59
100
50.0
94
83
69
77
31
8
10
57
91
27
20
9
76
64
26
42
59
54
60
68
39
55
53
45
13
72
34
25
2
35
34
36
38
16
92
31
19
79
73
40
14
97
83
96
6
88
82
44
11
74
83
22
16
91
53
21
45
62
32
3
39
61
81
47
58
93
53
51
61
47
46
25
89
42
51
42
25
95
4
56
4
99
36
15
50
12
33
78
99
55
30
28
39
0
27
90
92
10
99
27
27
44
10
93
95
60
44
7
40
6
5
23
18
44
65
25
33
44
10
61
9
27
62
24
43
61
36
60
43
41
17
86
27
7
77
84
36
68
49
96
4
25
47
86
39
99
70
53
12
13
52
68
98
40
27
68
96
45
67
16
40
85
91
44
44
53
71
6
29
35
48
62
68
62
37
93
6
80
91
30
75
30
61
34
45
96
6
55
83
60
43
9
82
66
92
12
36
96
66
9
45
51
61
40
66
51
16
10
7
25
30
62
61
51
45
13
51
27
44
55
27
16
7
23
39
12
50
16
50
83
9
16
27
39
95
33
27
87
4
34
25
82
51
33
30
60
51
66
60
30
82
44
40
68
35
93
4
83
1
96
70
82
77
37
9
98
63
4
91
62
25
99
82
51
37
43
53
30
31
30
47
83
44
50
98
12
62
63
30
43
82
80
10
37
61
82
10
95
37
9
55
98
30
70
60
82
50
35
1
91
96
98
47
80
55
40
53
12
36
68
98
1
31
37
37
55
47
93
70
82
42
7
95
95
51
47
99
86
35
99
63
82
63
40
4
86
53
9
35
13
10
66
99
23
47
31
7
16
1
60
96
35
99
37
51
53
42
63
27
95
98
82
60
61
10
47
61
45
35
43
55
50
91
53
9
83
39
10
55
37
51
4
30
68
23
93
82
53
77
42
91
66
99
9
85
7
13
16
53
77
82
99
61
45
27
33
45
10
9
62
99
70
34
55
91
85
16
83
10
6
23
95
44
44
66
9
40
86
93
61
7
92
23
4
7
51
44
50
53
23
80
25
27
83
45
40
82
42
1
66
30
80
33
98
45
96
91
62
66
80
10
62
34
45
40
85
51
96
1
92
31
92
83
47
6
30
13
99
70
25
47
93
1
62
82
7
9
13
99
10
68
50
63
60
93
86
16
42
93
45
27
50
7
61
77
23
9
27
7
93
30
34
9
7
45
30
30
34
44
27
70
1
83
1
39
6
34
93
50
45
6
31
70
40
33
12
63
60
91
63
95
91
55
4
34
34
51
13
83
77
80
55
30
80
66
93
1
95
61
99
37
1
25
51
1
42
37
61
99
61
68
53
27
99
7
62
13
62
91
80
95
93
37
96
23
4
62
23
35
45
61
53
60
82
39
10
63
40
77
34
98
30
83
70
50
53
1
66
98
36
62
83
66
34
37
37
1
12
50
68
53
43
55
16
61
93
99
68
33
53
66
82
10
92
31
51
36
61
51
44
92
45
99
9
37
96
16
96
44
93
4
93
61
60
68
23
66
77
45
25
93
83
33
30
16
34
34
44
6
60
83
9
1
34
98
39
53
7
51
4
55
83
40
86
77
6
68
93
62
91
93
83
45
55
85
96
40
35
16
4
31
37
98
60
16
85
27
96
85
1
40
80
47
30
99
66
36
1
39
39
60
33
83
37
66
9
55
82
66
62
60
13
10
16
82
93
30
91
12
45
92
66
50
7
27
70
96
60
50
77
99
80
55
36
62
37
85
37
34
95
55
31
40
43
36
61
51
47
85
98
70
99
33
66
7
91
23
4
30
60
34
6
25
82
85
6
62
91
9
70
95
68
45
23
82
92
80
27
95
1
86
62
45
33
66
85
99
36
92
53
6
85
10
70
13
23
92
36
1
33
53
96
60
12
40
83
43
43
43
47
40
91
40
92
34
91
51
42
42
33
93
47
61
36
27
44
25
42
44
60
27
61
35
98
68
31
92
23
30
47
66
37
96
7
27
63
66
60
63
4
13
55
45
47
68
77
33
66
13
23
35
36
77
47
36
13
80
91
34
63
16
60
98
6
45
40
80
16
40
13
37
68
99
91
13
68
25
13
44
27
93
25
82
98
86
36
51
10
63
13
4
86
47
10
51
92
63
92
92
37
35
1
60
68
34
63
85
62
36
50
23
12
95
82
68
33
61
93
34
13
93
9
27
35
95
25
31
92
82
34
47
95
34
60
50
6
95
16
61
96
25
98
39
98
77
83
96
47
36
53
66
62
25
44
93
96
13
51
82
83
