97
100
50.0
45
71
50
97
51
72
89
47
11
5
8
13
39
85
18
82
49
79
72
54
85
60
7
35
65
70
88
92
59
27
85
51
91
95
31
52
90
50
67
93
43
44
98
50
14
36
69
68
86
21
41
74
64
3
23
9
80
26
85
48
38
48
42
91
55
12
25
73
10
66
30
1
44
20
77
46
12
95
74
38
54
61
28
1
16
40
54
51
78
33
18
29
71
58
10
84
57
1
53
8
91
65
43
76
58
64
96
74
87
39
74
79
74
41
10
75
92
30
40
29
85
48
83
81
48
41
21
29
0
2
90
4
62
30
79
34
38
17
8
71
65
44
56
7
59
43
54
54
51
94
26
79
8
58
58
30
22
4
29
85
10
26
21
15
41
95
39
29
62
21
79
71
9
8
24
79
62
62
27
64
54
38
37
64
48
44
92
51
38
24
83
54
26
21
7
30
4
62
63
1
87
40
26
43
51
4
99
37
26
1
32
30
41
64
38
65
63
98
87
59
41
7
99
74
48
38
54
85
51
4
7
87
98
41
95
58
18
30
29
29
65
38
74
30
30
18
65
94
92
99
79
54
64
72
9
58
44
22
37
59
40
99
4
19
9
24
12
8
22
44
65
10
27
27
30
4
87
6
87
37
44
69
50
74
22
87
54
27
24
7
44
98
54
65
98
30
21
4
26
72
74
8
41
29
38
62
1
94
0
65
62
30
59
65
40
59
50
24
71
51
92
94
99
0
10
92
85
1
32
24
27
27
26
29
95
27
4
7
24
38
98
48
64
32
27
79
18
51
40
54
41
27
7
94
26
37
79
92
90
99
90
24
87
69
29
8
26
32
29
59
98
39
94
65
71
1
59
7
7
37
0
0
8
92
94
94
92
99
95
26
62
8
0
63
24
83
9
94
72
21
12
98
41
37
30
69
12
48
41
38
41
85
7
44
38
74
79
62
59
38
85
51
30
21
92
50
58
63
0
64
79
65
8
8
24
19
18
32
32
19
21
37
39
64
54
10
39
79
85
9
4
64
94
62
41
62
44
85
21
10
38
65
43
43
27
8
71
74
0
29
51
51
50
71
10
10
51
24
38
50
37
1
50
43
37
10
43
87
30
87
94
51
64
87
37
85
9
44
65
74
99
94
19
29
58
4
22
71
50
71
98
24
65
91
99
21
74
1
95
41
92
43
1
83
27
74
72
10
10
32
92
98
72
8
0
71
65
8
40
85
8
54
8
63
27
94
92
19
41
85
87
58
62
48
69
44
72
74
92
54
69
69
54
69
39
62
94
18
22
41
65
54
4
18
79
99
10
54
65
12
21
79
69
38
1
79
10
79
48
18
99
69
37
27
51
95
29
83
59
91
58
87
48
37
22
1
79
26
24
9
85
92
98
90
71
91
59
62
54
43
39
92
18
48
87
26
51
1
19
7
83
72
1
18
39
38
38
65
74
27
72
91
29
41
10
79
37
94
22
54
92
7
4
95
0
38
9
26
44
30
74
65
94
32
98
10
10
27
62
58
85
9
71
32
64
1
69
41
22
48
44
7
41
10
59
85
74
51
99
72
98
19
29
12
95
87
37
21
48
12
26
37
63
79
99
10
30
26
71
30
43
19
69
22
39
92
64
24
99
38
7
64
29
41
65
94
4
38
48
85
40
44
22
1
63
44
83
63
50
69
71
98
83
48
10
99
62
62
69
38
79
7
71
39
8
87
10
62
22
48
40
92
72
30
37
79
41
99
12
29
40
19
4
92
85
63
98
9
63
38
4
65
21
48
24
39
21
58
62
83
54
48
43
38
87
91
37
38
64
62
12
32
50
43
1
26
98
95
63
8
94
18
18
79
64
69
92
54
50
95
39
26
72
19
27
37
43
26
62
38
27
19
98
43
0
0
59
39
69
58
32
54
69
50
51
41
39
9
98
74
85
99
19
59
59
90
37
4
98
21
1
63
58
21
39
38
19
95
87
83
4
40
62
44
51
37
44
59
74
24
85
65
9
99
48
50
21
98
48
30
58
72
43
8
98
83
85
83
4
83
83
54
26
98
90
38
72
38
21
0
50
63
62
44
1
74
54
69
72
39
30
72
58
54
83
63
58
69
27
37
12
85
30
95
24
94
4
64
98
41
26
18
51
18
0
39
71
39
85
87
12
29
48
62
94
74
4
65
22
51
48
87
24
27
48
48
19
19
19
58
38
7
91
51
30
39
87
63
30
74
29
91
21
54
37
59
32
21
58
71
92
98
99
37
19
4
51
30
9
4
