67
100
50.0
62
71
91
15
5
4
9
35
42
12
73
98
8
14
58
70
53
66
20
73
49
55
63
20
44
82
49
25
11
33
0
24
51
90
59
80
26
69
44
27
89
49
59
96
72
65
38
38
83
47
94
71
94
60
81
73
47
37
95
20
30
59
73
83
44
21
52
61
47
55
1
38
56
77
16
29
25
63
83
76
37
18
47
34
32
88
1
87
7
83
72
13
25
30
3
46
55
52
63
15
27
32
75
37
94
73
43
77
63
39
25
87
63
52
45
33
74
27
49
6
73
20
57
37
63
8
79
41
85
81
65
81
2
68
93
55
15
23
47
44
11
54
55
27
62
44
8
78
63
52
11
38
22
21
50
85
84
55
86
67
84
13
86
54
23
19
1
88
83
37
86
86
40
0
46
17
8
49
1
83
33
36
65
15
83
37
55
78
28
55
92
84
28
1
55
72
54
48
99
85
84
35
92
47
55
72
49
92
72
46
38
92
41
83
10
62
63
88
30
13
63
65
81
81
73
59
81
85
84
47
25
23
55
62
78
1
72
55
46
97
57
85
25
52
30
62
46
54
38
27
30
28
38
37
0
22
1
85
27
31
33
27
52
17
65
32
94
16
84
15
71
16
47
16
27
73
6
52
6
86
63
49
57
46
52
77
88
72
55
17
21
47
17
87
72
15
77
35
46
85
57
72
86
84
84
57
71
25
44
64
17
11
72
20
32
28
35
73
11
15
35
59
65
28
55
44
81
35
78
87
38
63
17
33
59
13
87
47
49
23
55
11
35
21
46
72
16
11
65
73
25
41
71
85
28
22
44
94
47
8
13
52
72
8
1
54
38
73
46
35
62
22
78
77
54
83
23
57
59
13
46
46
1
71
8
30
0
86
0
87
28
73
0
16
6
84
84
44
72
27
23
38
81
20
78
62
63
33
28
83
25
25
81
46
59
94
77
81
0
38
15
8
8
23
41
49
6
81
71
38
28
0
32
30
92
86
13
37
57
86
32
78
71
55
37
63
71
73
55
65
86
20
21
37
44
33
83
77
92
81
17
32
22
8
6
23
20
77
17
55
72
13
52
27
38
25
17
17
77
71
94
59
83
86
44
84
33
23
86
88
65
94
87
63
44
87
41
1
32
88
23
38
37
16
37
71
52
0
77
49
41
77
44
8
46
84
52
11
49
13
87
85
83
23
59
25
84
47
33
94
55
87
78
85
81
47
35
30
63
13
41
73
62
22
8
84
11
38
57
63
11
46
78
1
11
32
35
72
94
65
23
46
30
57
81
83
0
63
25
57
65
8
86
88
28
54
15
27
49
22
94
23
8
21
65
28
72
33
85
44
87
81
88
63
6
8
35
73
16
73
81
25
77
30
32
35
38
30
0
33
27
11
81
47
11
87
21
94
38
59
83
38
38
65
35
0
13
49
73
78
32
35
59
78
23
62
65
13
47
17
77
15
11
87
17
25
1
83
47
22
77
54
77
20
21
52
6
87
35
22
37
62
17
38
85
62
73
28
20
8
44
23
78
78
6
46
13
11
20
64
30
23
30
20
6
41
62
6
49
8
52
77
6
11
15
65
85
13
1
71
78
71
32
16
32
16
44
47
94
52
20
30
13
52
59
78
47
41
73
83
21
33
37
28
11
25
55
32
85
17
83
22
30
35
57
78
23
33
27
87
27
16
30
41
71
62
0
1
17
71
27
86
62
86
86
55
1
72
49
64
64
30
28
1
78
27
28
77
57
88
11
25
44
72
15
81
71
84
49
15
28
37
47
35
1
28
15
28
6
35
46
44
88
62
37
73
73
63
17
0
11
37
55
81
88
52
11
85
38
54
55
65
57
6
92
17
87
55
49
38
52
54
88
55
49
83
21
88
84
64
55
87
25
27
13
88
17
52
62
52
20
47
64
37
59
71
28
17
35
78
92
81
47
57
94
20
94
37
41
22
33
49
83
73
32
62
78
37
81
57
94
54
35
0
11
64
27
17
72
59
77
83
28
38
6
13
21
81
1
35
11
21
22
86
54
1
13
77
62
13
11
71
81
25
27
54
47
41
78
35
78
1
55
47
27
47
47
25
21
63
1
71
28
63
64
8
73
0
20
72
47
47
22
1
25
92
94
6
27
22
16
11
94
88
32
21
81
84
6
20
16
8
54
49
0
17
21
54
0
13
81
30
23
64
6
35
57
1
52
46
17
37
25
47
41
65
62
63
63
1
1
22
85
59
23
17
63
25
65
54
15
46
11
65
1
32
6
88
65
88
