90
100
50.0
67
11
61
94
89
48
94
51
37
99
22
77
71
86
53
14
70
59
62
61
39
28
23
74
0
78
91
41
92
98
80
21
54
80
50
85
68
47
7
33
87
66
47
14
24
68
49
35
59
85
73
12
7
90
14
83
71
29
82
27
65
14
96
5
3
9
38
98
47
80
81
14
98
0
58
31
58
81
66
92
19
50
42
20
45
60
55
75
3
95
38
31
14
15
94
41
0
15
79
14
46
43
68
72
86
15
84
3
30
7
66
24
3
34
76
86
97
6
40
52
17
56
47
6
63
18
38
22
19
76
88
94
30
35
69
92
18
47
23
62
30
22
25
3
10
41
30
16
11
58
10
11
0
52
31
3
50
32
22
57
76
81
1
44
82
81
10
47
6
80
30
59
76
42
13
2
0
58
42
3
19
36
85
22
38
13
66
94
66
62
22
85
31
31
31
15
61
22
15
19
98
94
8
11
69
61
41
24
78
76
15
5
92
50
13
59
26
26
3
98
42
2
14
5
66
3
62
32
68
61
94
38
84
4
2
81
23
10
5
58
59
68
52
47
69
59
52
80
93
86
92
24
86
24
4
23
76
47
5
69
50
86
31
42
62
0
62
81
13
14
3
2
82
8
78
29
23
80
7
98
10
62
15
62
19
68
50
50
82
7
94
47
23
4
66
2
2
84
61
22
14
94
71
38
13
92
80
14
14
32
62
59
29
71
22
23
14
22
11
0
41
80
3
78
30
59
71
14
0
6
52
78
84
98
23
62
23
64
42
38
7
24
35
85
13
92
92
4
41
35
47
59
22
24
82
4
18
42
58
58
35
26
13
7
2
84
4
61
86
78
14
23
64
14
66
11
24
85
2
50
15
86
26
64
32
18
13
15
18
94
19
86
2
6
8
80
84
8
81
18
78
98
92
61
59
47
10
71
82
81
47
50
69
42
23
18
7
42
64
35
35
66
59
81
32
8
80
29
78
4
24
85
59
22
58
3
52
18
23
7
86
92
3
35
13
92
8
85
41
41
84
32
24
2
86
3
94
68
41
85
18
81
47
0
52
92
68
2
61
84
24
41
47
35
23
66
47
35
84
52
52
30
10
22
66
2
32
2
71
98
8
47
11
26
84
66
59
11
42
13
62
94
6
50
66
62
3
52
62
62
85
61
52
50
26
23
13
41
10
22
30
23
15
10
59
14
78
6
30
26
6
94
82
76
82
94
19
2
78
85
7
18
71
84
18
41
84
3
69
19
24
86
11
92
84
59
7
81
92
19
3
58
69
24
71
76
31
13
2
24
66
38
86
84
5
10
13
50
41
30
10
29
24
15
14
5
22
23
18
6
4
15
76
22
52
22
19
8
92
23
84
29
4
3
47
3
76
5
64
41
31
58
82
62
62
30
8
22
38
61
35
4
14
29
18
24
6
14
26
61
94
13
94
78
85
32
78
94
85
92
59
58
18
41
64
0
26
4
50
58
58
92
2
38
0
29
82
35
0
2
31
76
68
58
86
62
94
94
68
92
15
58
84
32
19
19
19
64
61
82
31
5
24
50
15
80
47
78
6
61
94
11
66
94
52
13
58
18
13
68
61
78
69
7
14
92
98
29
71
98
11
30
11
42
76
76
29
29
80
80
2
11
68
11
5
15
8
68
86
64
69
62
61
32
59
86
42
64
22
2
6
32
29
81
4
41
64
2
29
85
81
85
11
61
7
42
32
19
2
69
47
41
69
35
47
78
64
4
92
26
19
11
98
32
62
58
62
26
47
69
52
66
6
5
68
94
59
76
85
62
50
11
64
42
66
84
59
18
13
18
10
3
32
38
32
42
85
14
11
24
81
80
18
29
8
58
13
52
58
80
5
94
15
47
80
86
69
81
14
69
19
82
26
11
22
82
61
94
82
92
62
3
15
66
38
26
22
71
47
52
85
41
62
85
7
78
69
4
29
0
29
10
13
98
58
32
50
47
2
11
32
22
94
11
4
69
52
47
11
58
94
5
68
76
18
80
2
15
30
82
52
8
71
71
23
98
66
6
31
71
78
5
22
23
41
41
26
19
2
59
84
8
64
15
81
0
4
81
82
26
82
47
35
15
78
76
98
42
82
7
8
19
29
35
71
10
98
29
8
52
22
2
92
6
50
29
59
15
3
85
71
18
82
13
58
29
2
78
23
59
84
82
7
6
42
78
7
30
98
64
84
84
71
64
15
62
98
64
86
62
32
71
64
35
81
42
94
8
61
14
38
76
52
5
81
13
19
58
22
26
