35
100
50.0
32
81
24
21
55
55
57
76
77
84
43
32
85
62
25
61
35
27
41
68
56
18
59
95
55
98
63
98
87
17
33
35
47
48
83
72
69
92
3
52
34
38
1
29
88
14
13
91
26
20
58
71
90
20
89
15
26
73
85
32
32
22
36
14
72
35
26
0
2
13
86
80
28
42
25
44
47
98
94
36
99
46
15
60
8
50
1
37
78
25
86
20
5
13
0
98
15
27
49
19
30
35
24
87
52
26
10
51
3
65
81
81
4
27
66
97
54
75
13
91
95
47
88
71
46
67
6
12
39
18
12
49
25
95
15
28
93
89
49
87
64
45
96
27
25
2
53
89
31
72
72
64
9
91
59
78
62
16
45
1
0
29
71
86
3
11
75
52
26
72
18
3
12
63
0
46
16
36
59
87
78
24
26
86
2
82
63
14
45
63
23
29
74
63
28
47
55
88
19
98
2
1
64
45
24
25
59
81
27
18
87
13
63
26
13
55
16
86
95
64
24
3
87
12
20
0
20
46
52
62
52
40
20
78
88
47
98
24
46
28
32
93
25
16
85
32
55
98
52
81
89
1
49
87
78
16
86
72
71
20
64
7
23
52
12
45
12
13
62
86
63
70
49
55
16
36
90
46
15
62
7
64
23
35
46
89
49
14
85
24
20
0
13
27
1
2
24
75
27
89
32
29
2
29
79
19
64
64
1
0
32
18
74
28
62
14
28
62
81
26
98
47
23
63
26
26
95
74
52
46
95
52
19
32
6
89
86
88
36
62
95
6
28
87
15
3
89
49
3
59
90
85
98
62
46
91
59
85
64
29
26
87
87
0
85
36
12
59
24
74
49
71
87
86
2
3
91
18
26
26
88
18
90
93
29
46
24
25
47
26
36
49
85
91
19
26
90
7
88
45
16
55
95
87
28
74
87
87
29
25
74
52
71
74
86
72
90
28
27
98
7
90
1
28
20
12
47
74
91
14
26
0
95
89
1
74
3
6
7
12
28
2
29
89
63
20
36
86
14
12
81
14
14
20
19
93
91
19
46
29
15
72
23
62
35
6
23
35
35
95
71
52
64
78
93
12
49
75
71
20
93
49
36
23
46
93
12
28
7
23
13
90
29
0
13
14
89
12
71
26
95
14
62
45
46
62
87
23
59
78
1
81
78
1
28
55
35
72
95
93
93
6
91
75
1
25
15
85
49
32
64
86
90
3
2
0
47
0
55
15
16
93
89
49
29
18
7
49
6
52
89
25
28
46
16
64
13
36
62
59
90
45
20
14
7
52
13
59
24
14
62
20
26
23
32
59
25
95
24
45
63
25
32
90
46
72
13
20
13
3
20
93
18
90
49
86
90
93
7
24
62
1
26
1
72
64
2
46
26
14
12
2
16
86
7
90
47
35
90
12
87
75
13
20
98
45
29
23
25
3
63
0
55
23
28
35
14
71
18
13
24
26
25
81
75
75
7
81
64
85
27
13
52
72
16
45
27
93
15
49
63
32
12
63
55
7
15
85
91
55
75
3
29
49
45
87
46
93
91
86
28
3
12
91
86
88
3
46
25
6
28
55
72
93
2
29
19
24
78
78
25
87
81
20
93
24
32
72
16
7
87
36
26
71
49
12
91
23
90
14
19
26
46
98
6
71
59
52
95
25
35
91
78
47
15
12
98
90
18
85
52
20
26
87
36
15
32
45
62
86
7
81
23
23
78
62
81
0
28
1
36
95
20
89
7
16
1
86
7
32
20
81
7
72
95
25
49
52
3
95
29
23
13
86
78
3
20
7
27
15
16
23
89
47
35
47
93
36
52
13
1
47
23
3
98
14
59
74
7
23
13
19
23
3
86
98
55
47
46
1
3
93
59
64
93
86
16
28
87
78
32
13
36
81
91
52
75
47
28
74
13
15
64
93
86
86
26
12
95
18
64
6
47
86
1
25
3
86
7
25
35
7
2
64
20
27
85
36
46
23
7
55
24
18
15
72
89
28
49
72
47
1
24
20
59
16
19
14
18
91
71
7
55
74
89
75
93
72
71
24
49
32
23
62
15
45
23
27
59
98
24
62
95
78
29
71
14
87
15
74
64
1
6
45
26
47
7
78
45
89
63
24
13
63
14
72
88
19
15
63
75
6
19
81
23
19
72
95
6
45
86
2
88
27
7
47
81
15
7
16
59
28
62
3
75
29
49
13
46
16
24
46
86
81
28
74
14
20
87
1
64
3
85
23
81
6
62
85
45
86
25
93
47
1
29
32
7
81
71
63
