85
100
50.0
44
73
77
56
53
9
70
39
47
5
52
1
54
49
63
0
58
22
5
76
7
35
64
71
86
95
12
21
82
17
94
1
36
16
97
14
94
78
16
36
72
75
58
81
91
31
68
74
55
13
15
7
83
89
10
79
80
61
83
83
34
37
57
5
69
11
30
54
5
88
50
76
59
18
59
92
59
66
15
43
94
7
66
94
26
76
29
24
78
20
4
28
42
11
46
6
23
62
33
98
62
94
45
41
67
55
85
27
34
41
6
2
8
21
49
26
66
99
76
25
58
48
29
27
69
21
60
66
7
27
3
49
84
90
32
43
67
7
11
29
69
6
45
7
87
15
20
93
36
87
6
54
38
90
83
6
67
4
26
65
48
59
93
83
12
4
90
41
76
25
38
38
78
58
15
48
32
25
6
45
6
62
78
48
67
45
91
20
48
16
34
7
55
91
45
85
91
32
85
94
85
43
83
6
48
26
45
3
8
87
1
87
40
85
49
58
66
25
58
41
65
36
59
91
90
29
74
91
90
67
78
83
88
6
58
45
7
45
36
15
7
4
59
62
27
32
62
87
3
16
83
78
54
88
90
15
38
32
76
55
91
94
21
55
66
38
26
7
20
54
49
74
7
45
51
3
78
25
67
48
48
69
34
29
16
78
11
74
36
62
84
25
54
29
41
15
34
69
25
48
93
74
21
49
54
11
26
65
45
54
15
32
69
94
54
91
12
33
11
91
48
15
33
5
54
6
36
21
36
12
66
20
67
15
94
96
1
33
15
69
78
84
29
32
43
54
27
1
38
91
65
90
45
4
43
32
66
21
88
74
27
19
3
3
1
66
36
8
11
36
19
8
21
5
3
87
12
54
38
45
94
21
41
5
90
27
29
49
74
93
25
20
88
62
11
33
3
33
48
5
96
41
83
87
66
78
55
26
11
67
7
94
55
76
8
87
87
21
25
33
49
45
66
84
58
20
8
87
49
43
78
5
26
90
15
5
55
58
87
54
83
11
88
78
27
69
76
19
45
4
91
6
3
90
55
62
33
59
55
4
38
58
88
25
34
6
20
69
32
91
94
20
27
43
26
59
45
41
5
91
19
5
58
93
4
87
43
21
49
5
59
49
66
32
62
96
90
59
6
59
6
74
58
41
69
85
16
91
65
69
90
38
62
84
54
94
36
78
21
33
33
41
74
58
96
38
88
54
1
58
62
66
54
94
54
88
45
7
54
66
6
66
76
7
34
78
15
76
27
16
19
90
3
38
83
45
59
85
74
25
15
16
49
93
90
67
32
45
32
4
19
15
59
1
38
45
12
76
76
33
76
74
27
11
8
74
62
65
8
43
20
84
29
6
19
43
93
74
94
4
1
48
32
83
7
48
25
36
87
43
4
58
43
96
91
41
85
36
26
76
58
85
32
26
11
7
21
16
3
90
65
27
20
59
62
21
48
49
15
11
55
12
96
8
91
41
41
85
29
29
48
87
58
49
21
7
15
67
38
21
55
58
49
33
11
94
49
8
55
34
36
11
69
4
3
78
8
33
6
65
59
69
74
36
20
67
26
49
69
12
12
45
38
16
90
91
54
90
65
96
26
59
33
45
38
91
26
59
48
43
67
58
94
4
20
32
16
67
91
59
55
76
49
41
12
1
55
66
19
74
27
55
62
94
48
76
12
26
25
15
8
91
26
94
69
85
4
90
38
76
34
36
69
94
76
85
90
69
15
48
66
33
38
59
85
94
7
90
36
41
94
90
59
27
45
16
49
58
5
48
36
54
67
58
12
8
6
41
78
1
96
55
5
12
66
38
20
29
49
19
34
90
59
7
12
8
4
45
66
6
6
25
78
84
87
62
66
16
62
12
33
29
38
29
87
74
33
96
4
59
74
27
25
58
15
38
8
67
11
5
76
54
11
38
38
43
41
62
11
27
41
19
16
21
48
29
84
36
21
6
34
15
29
26
25
33
29
84
87
43
12
87
55
16
3
45
96
16
11
41
66
67
93
74
67
26
49
96
54
6
69
54
45
27
29
21
88
67
54
34
55
83
49
6
65
11
84
59
19
88
93
66
26
94
67
67
36
45
67
90
87
83
90
12
33
54
91
55
91
54
58
7
66
20
88
85
1
54
84
94
32
20
33
33
45
29
25
41
6
1
91
66
26
8
26
94
19
94
65
66
6
8
32
49
58
7
26
62
38
34
4
21
21
8
21
6
8
5
1
54
27
16
55
21
20
41
6
26
20
21
78
91
5
36
12
49
87
7
69
87
