51
100
50.0
61
69
6
39
60
62
81
19
50
86
23
85
10
4
78
34
93
81
87
18
28
95
35
8
85
35
38
81
96
77
22
52
72
79
88
79
27
64
56
92
81
49
74
45
33
80
25
97
98
63
89
94
53
95
30
59
76
42
38
74
11
43
16
13
75
9
26
31
35
80
35
60
17
46
53
88
31
20
28
44
44
46
87
73
67
99
96
28
20
99
68
21
41
88
10
87
83
91
15
80
80
99
43
48
30
60
51
81
79
27
3
51
96
96
12
26
56
47
12
37
44
7
15
84
99
42
28
60
29
21
2
32
58
55
81
35
80
3
38
31
81
66
55
74
38
15
86
54
7
63
43
3
37
43
63
0
85
3
66
60
55
55
85
53
38
56
66
85
30
53
21
82
99
88
62
3
54
51
20
46
7
88
14
88
24
10
54
57
15
15
55
12
58
62
5
36
35
38
43
15
47
40
58
90
46
32
58
40
35
81
7
9
30
12
96
3
31
73
20
31
44
37
31
99
87
79
27
81
90
88
88
44
62
66
40
12
3
32
15
88
89
9
27
9
10
88
95
31
63
66
74
60
10
89
54
95
28
30
26
87
87
1
85
42
62
80
82
26
15
63
21
37
62
80
12
43
56
58
70
28
80
12
65
80
60
37
31
58
86
21
46
89
42
86
10
12
42
79
37
95
40
42
51
55
30
10
85
44
21
54
42
73
63
71
43
47
51
86
89
32
89
12
42
44
85
60
21
27
85
32
55
51
12
12
62
58
53
70
60
32
27
88
7
63
47
10
51
31
37
90
1
38
35
86
79
74
73
35
70
74
38
96
87
40
86
21
62
88
62
31
15
51
85
21
32
3
86
85
80
82
47
99
58
27
90
90
30
85
12
58
82
40
82
81
81
26
63
55
87
26
85
88
9
37
58
86
54
66
44
54
81
58
42
86
90
80
47
28
28
20
88
90
40
43
43
55
31
21
95
63
26
74
20
99
95
56
40
31
81
63
74
32
32
9
87
74
40
60
3
66
54
46
90
74
38
42
74
63
85
96
86
31
99
96
80
40
51
15
12
56
32
73
90
15
96
82
28
54
63
63
28
99
28
55
96
27
51
53
79
9
42
27
79
86
79
74
30
7
35
42
96
60
62
53
82
44
38
30
44
66
79
89
35
62
66
15
99
58
63
87
21
99
30
27
35
10
38
62
7
66
54
86
96
56
87
44
86
53
9
21
30
89
73
62
95
15
55
51
95
73
63
85
54
70
40
85
70
85
47
38
79
32
73
74
95
99
53
85
30
40
74
88
51
99
82
62
88
31
89
56
38
30
87
74
30
31
79
32
30
38
85
62
27
30
20
90
54
7
12
85
46
62
47
89
85
30
21
88
40
89
66
46
70
87
7
44
70
58
79
42
20
21
44
3
55
12
82
99
10
85
99
56
70
58
53
80
46
42
15
80
62
63
10
47
55
62
87
43
53
85
44
95
9
62
56
81
66
73
73
53
51
63
51
99
31
43
43
43
88
70
28
90
47
95
28
90
54
70
1
20
73
53
70
80
60
95
30
51
51
38
32
51
53
12
21
15
70
60
7
80
44
90
30
10
87
96
81
37
15
3
96
21
79
89
62
58
15
66
63
42
96
58
70
96
85
73
58
30
51
85
43
89
40
82
55
26
53
96
56
15
30
60
37
35
30
15
32
44
42
86
15
1
3
70
26
15
46
30
7
21
7
47
10
12
80
15
21
70
62
87
47
12
10
15
37
20
79
99
89
88
73
1
44
82
86
37
73
12
88
85
31
58
53
89
99
73
81
3
74
53
70
63
55
96
20
27
95
95
10
85
12
7
42
70
3
63
35
51
38
89
79
99
42
74
86
9
89
30
51
32
53
9
60
63
86
62
96
55
35
87
53
42
15
27
86
95
99
66
10
46
10
20
96
62
7
96
46
20
96
21
66
3
40
31
95
1
79
26
53
87
70
66
44
63
63
12
35
53
32
81
66
30
47
87
35
86
1
12
66
28
38
3
87
9
95
30
51
81
81
44
96
89
53
7
87
51
96
9
53
40
35
82
60
51
26
42
35
42
89
53
95
53
85
30
96
42
87
31
54
95
37
85
30
70
26
54
10
44
62
38
26
35
88
21
63
44
55
89
46
81
81
42
63
1
86
55
32
32
95
87
9
80
27
1
51
1
31
95
89
26
15
85
20
7
63
43
38
27
7
44
54
99
20
99
35
88
26
74
82
63
88
66
90
21
79
54
44
42
43
70
