58
100
50.0
26
79
2
90
2
44
84
7
0
74
97
34
91
32
70
65
57
47
52
38
95
12
58
87
8
22
15
95
96
6
59
32
45
81
94
25
75
2
42
47
6
95
73
85
31
98
55
46
14
85
68
16
5
32
32
95
79
4
79
36
1
79
18
10
48
63
13
93
17
89
19
42
4
40
39
74
42
2
54
4
64
20
1
55
62
23
77
30
41
79
7
80
33
57
47
31
12
17
74
99
57
51
11
64
22
60
37
29
10
10
39
71
74
20
3
51
95
41
48
73
67
79
15
74
73
45
1
35
7
56
6
24
61
17
21
12
86
60
27
31
27
17
78
9
93
45
20
45
41
30
48
50
82
72
92
45
2
74
30
53
46
46
40
51
35
57
76
22
20
33
41
30
33
79
55
69
57
0
95
32
69
18
73
22
66
0
28
7
23
50
27
29
47
23
42
54
39
48
60
54
41
64
51
64
64
41
4
33
40
3
7
22
79
30
42
7
45
33
79
60
41
9
85
69
29
43
47
15
24
99
18
18
46
12
85
66
3
31
55
31
51
83
17
33
2
95
23
60
49
79
35
22
47
39
24
93
28
85
0
99
48
31
42
74
79
0
50
73
47
28
9
66
50
30
54
20
32
23
12
32
20
79
40
95
40
46
85
31
39
6
6
10
30
64
23
17
55
50
3
88
46
22
31
4
27
3
30
46
17
29
30
22
17
85
9
66
50
88
30
6
6
39
79
85
39
95
33
23
1
99
12
45
1
27
31
40
79
51
41
35
4
74
3
7
39
6
69
46
27
54
40
47
33
39
17
40
15
1
99
4
45
7
85
7
69
50
27
88
51
29
47
99
57
69
24
99
27
50
93
46
33
64
4
6
33
51
6
0
39
85
3
18
12
54
88
0
22
12
69
32
24
45
10
18
18
33
54
60
73
50
50
51
50
73
28
29
17
31
48
41
79
48
15
64
20
69
15
3
46
30
42
66
24
6
27
3
93
42
18
60
69
10
45
99
47
85
88
4
24
27
48
1
30
17
28
69
79
15
0
54
23
31
88
35
1
17
79
50
93
35
15
7
60
51
51
9
93
45
18
10
12
0
0
4
6
54
51
40
48
35
24
9
32
51
99
66
45
12
1
79
30
4
31
88
17
4
20
48
79
9
93
46
93
69
88
39
55
55
93
39
40
1
64
51
20
18
22
10
10
47
1
23
30
54
74
30
57
85
2
17
57
85
95
48
22
15
48
15
66
17
47
18
23
41
10
31
18
23
1
27
12
47
30
46
51
17
40
17
31
66
55
22
51
4
32
85
60
29
28
93
27
88
79
93
2
40
93
22
22
41
39
32
2
39
79
3
3
23
74
51
7
40
45
39
40
28
7
45
39
27
50
30
20
45
40
55
29
45
74
99
55
50
6
50
33
40
3
23
12
93
42
54
4
1
57
85
12
64
20
64
32
10
85
29
51
12
17
73
99
42
12
50
95
99
69
27
2
66
28
28
88
57
57
3
93
51
33
47
20
32
85
15
9
88
7
39
50
79
30
28
95
22
29
10
48
57
17
23
22
54
10
7
48
23
48
46
32
18
99
40
46
29
79
17
0
31
69
7
3
30
24
31
40
47
2
79
46
2
24
7
28
6
48
74
15
3
2
79
7
9
99
95
3
66
29
32
79
42
6
22
48
33
46
17
45
69
39
22
60
29
60
12
41
7
33
40
51
41
31
55
41
73
99
28
69
45
31
88
7
69
60
15
15
18
57
0
32
4
47
99
32
88
88
27
95
95
95
9
1
73
35
42
12
74
32
35
22
46
2
60
54
1
85
0
50
32
51
33
28
47
22
12
32
17
20
1
0
45
23
95
64
15
23
35
28
46
3
95
60
10
66
42
40
50
4
28
9
74
93
29
35
51
6
23
74
74
32
54
20
9
47
0
99
32
69
66
10
33
51
0
48
1
55
6
41
20
99
69
28
12
3
95
42
93
60
10
51
7
24
17
23
12
99
42
29
45
33
10
17
57
12
4
1
85
50
1
66
42
79
2
29
39
79
6
31
28
3
48
28
95
15
18
9
93
69
4
74
74
6
17
32
57
33
0
45
73
74
31
41
29
79
23
24
0
30
55
6
4
41
45
12
95
69
28
60
54
27
28
69
27
93
45
42
42
6
12
10
69
55
23
57
93
40
12
93
20
66
33
33
50
73
23
35
31
0
85
50
50
30
74
95
55
15
4
10
18
50
24
64
48
66
12
45
99
10
30
28
6
3
60
