40
100
50.0
79
16
81
8
34
32
58
64
62
47
97
54
47
31
13
42
33
37
14
44
89
73
23
85
12
11
16
43
22
88
48
52
29
17
93
68
25
71
64
24
75
71
15
68
21
58
46
16
74
35
66
38
49
30
42
81
75
16
38
40
84
78
38
0
58
58
86
22
64
91
38
82
63
39
51
71
47
58
26
50
2
47
3
78
67
48
3
19
14
38
60
99
1
80
62
26
23
54
70
96
47
29
27
76
65
26
22
77
83
2
94
77
46
18
38
75
40
64
75
83
4
82
82
86
82
1
99
47
3
15
64
60
9
99
47
71
22
15
14
70
47
23
22
46
77
60
77
22
45
48
7
41
48
26
83
26
14
47
41
28
22
20
75
26
64
99
90
60
41
10
6
74
60
9
58
88
56
90
29
71
26
68
75
64
59
72
60
84
9
86
42
90
20
70
40
26
81
55
99
15
83
45
75
47
2
57
86
46
84
5
58
61
62
70
82
68
54
10
64
83
81
3
70
78
86
47
81
23
46
55
87
20
15
58
55
29
90
45
45
75
62
82
46
46
75
81
56
60
75
70
82
29
54
99
48
26
46
92
7
41
78
29
47
3
22
38
70
45
7
88
41
95
68
64
81
98
69
54
40
87
60
70
81
2
81
14
82
15
42
9
38
48
68
86
42
46
55
48
41
74
56
90
75
14
70
90
9
48
70
16
5
99
71
95
23
20
38
16
14
71
69
64
62
1
60
84
83
10
47
1
70
40
56
83
41
87
81
62
48
7
74
95
15
87
64
47
56
83
68
10
75
16
14
86
15
10
46
71
23
87
1
54
42
15
86
41
52
60
5
56
56
81
78
99
10
84
62
56
46
36
71
38
40
74
84
95
5
7
46
52
64
62
95
38
55
15
16
53
41
86
47
20
95
70
88
46
3
26
82
58
83
81
99
70
14
36
71
75
36
3
70
47
1
7
86
70
46
7
60
38
3
88
99
69
62
10
55
84
41
77
99
81
64
26
75
88
95
87
75
26
68
87
16
15
83
81
74
36
16
46
2
56
40
40
95
77
10
5
42
56
29
81
45
23
45
16
23
52
10
7
2
29
71
45
86
86
41
41
7
3
15
81
71
9
2
55
77
3
23
14
58
86
52
77
55
1
69
26
42
55
40
7
47
56
70
82
29
60
95
60
5
81
68
3
10
23
69
71
82
48
36
20
45
23
56
46
1
84
99
5
2
46
10
75
69
62
26
29
68
40
95
20
88
46
90
23
69
22
3
71
62
82
71
60
83
48
20
71
26
15
26
88
55
46
75
95
41
14
69
3
77
71
15
58
38
60
58
15
71
64
23
23
60
46
58
69
58
54
62
88
82
74
70
3
52
55
86
46
38
90
77
83
46
52
1
70
5
45
77
95
16
10
54
81
60
2
29
46
5
95
82
42
45
87
29
46
83
64
74
64
45
71
60
40
95
64
48
38
14
54
2
75
56
5
90
60
26
95
88
20
42
84
60
58
81
71
1
52
10
15
54
86
78
75
5
45
47
60
16
69
77
78
81
3
16
42
52
54
83
7
68
40
78
29
52
9
71
20
71
87
1
88
36
26
7
83
54
46
71
48
20
29
23
75
29
10
60
47
62
68
68
78
20
87
74
14
86
5
22
47
23
82
20
60
36
75
48
9
68
26
22
70
29
62
46
78
75
29
99
45
64
22
62
7
78
90
40
56
3
77
48
87
99
68
36
71
47
7
87
74
86
41
10
55
7
84
46
52
64
56
52
46
36
9
74
46
52
52
10
38
2
2
2
38
62
86
75
74
47
74
22
45
40
74
64
9
46
82
77
55
26
3
88
52
20
69
36
26
58
23
5
22
20
56
60
78
46
29
15
26
2
1
88
40
23
88
78
60
22
69
23
20
54
41
7
5
45
22
58
95
42
68
88
38
86
54
22
82
9
82
81
78
7
36
2
20
2
56
9
82
58
9
78
87
75
5
82
62
22
46
2
56
15
29
99
5
5
95
14
69
60
95
9
64
16
3
48
78
14
99
7
83
58
1
23
83
56
5
86
74
54
78
5
41
14
41
74
68
36
77
16
90
70
64
58
40
68
81
14
48
22
45
7
69
82
90
5
9
90
2
81
47
82
71
64
40
55
64
55
16
56
81
22
81
69
48
54
45
82
46
14
84
84
38
26
2
90
70
40
22
38
14
77
52
90
78
40
16
7
20
26
77
9
9
71
55
38
5
77
58
40
45
68
41
2
58
20
58
83
1
