5
100
50.0
65
72
86
43
71
54
9
88
98
32
47
73
23
35
75
34
2
33
79
40
70
42
20
6
98
53
51
89
15
13
7
16
71
4
93
57
33
89
77
67
30
32
48
59
62
92
32
27
53
45
59
23
74
90
97
66
22
67
38
55
29
52
14
37
83
24
79
49
23
85
69
56
94
13
18
89
47
37
77
43
12
98
1
57
51
94
32
67
35
44
11
98
66
77
69
26
94
95
17
99
26
51
81
91
8
87
47
12
92
58
31
35
32
69
10
82
80
99
18
85
25
26
28
3
67
28
10
18
41
31
85
64
60
57
89
31
21
8
40
73
23
77
26
84
76
8
18
39
70
63
10
73
23
61
35
69
12
36
37
67
33
0
19
84
26
70
70
82
37
24
33
94
35
69
26
66
46
73
28
69
67
10
85
57
31
19
89
99
67
18
57
51
50
24
37
57
28
23
89
41
77
95
21
40
70
92
41
51
53
30
78
47
98
21
33
30
61
39
41
8
37
24
51
32
53
95
31
47
18
31
5
69
98
98
36
70
96
95
76
43
94
73
28
98
10
43
40
28
44
95
25
33
71
57
43
76
21
12
24
67
57
36
33
51
12
21
73
71
5
51
41
41
68
57
12
67
10
77
67
43
77
31
92
12
8
21
24
77
25
43
21
37
47
96
76
61
98
59
84
21
5
21
13
23
35
40
57
26
89
31
66
67
59
82
70
28
95
94
92
57
39
21
41
84
77
37
66
61
24
77
40
66
79
51
24
53
21
25
23
25
28
33
51
92
32
12
36
99
37
10
43
66
43
26
25
8
96
89
25
82
59
26
59
19
5
47
24
51
79
69
51
57
44
8
18
95
8
67
41
85
32
18
89
23
59
8
98
73
18
76
32
84
59
23
32
8
35
31
12
33
13
13
41
44
59
19
40
73
41
71
30
10
37
12
99
13
25
99
32
35
35
30
8
77
12
67
98
77
67
82
51
94
12
41
5
18
30
41
95
33
84
31
35
32
44
85
96
24
96
69
66
12
18
19
57
36
5
98
28
57
61
95
21
23
71
66
69
13
69
21
99
8
57
77
30
71
30
98
82
33
35
43
44
5
43
35
23
61
35
98
26
61
33
37
8
84
10
57
21
84
66
44
89
99
13
8
61
79
39
61
85
73
43
92
10
25
85
25
40
99
89
92
76
47
66
69
8
94
8
26
23
70
96
13
39
35
39
85
77
85
69
44
77
13
30
94
13
41
8
36
21
69
98
21
31
21
31
96
96
61
18
33
94
32
12
95
40
92
23
73
59
43
61
82
26
51
19
18
12
23
23
31
39
39
30
30
26
57
41
25
98
51
28
26
98
82
73
69
24
96
5
18
79
59
79
39
73
18
24
85
69
25
92
66
30
44
79
35
24
94
57
23
76
66
30
51
21
28
21
99
18
12
39
24
5
76
85
39
59
70
67
94
53
85
69
13
39
89
30
92
79
79
12
47
47
31
53
77
61
10
31
61
23
5
79
71
96
8
99
39
67
82
8
76
39
33
37
98
31
61
31
12
23
21
24
73
95
13
47
67
89
57
33
71
39
53
76
94
70
24
5
98
23
47
32
92
30
41
96
53
92
95
40
32
12
66
76
92
10
40
73
35
26
43
36
92
31
37
59
67
51
96
10
71
66
82
43
18
69
26
61
43
39
26
36
85
31
82
37
40
70
89
28
12
44
94
8
98
94
79
71
8
36
95
73
31
12
76
85
89
26
26
70
70
73
53
99
85
89
32
26
96
51
79
32
51
36
57
21
53
40
71
5
21
28
99
13
30
39
32
61
66
71
13
30
41
36
95
21
33
57
92
35
21
13
77
37
28
69
77
41
53
32
43
37
36
33
32
67
21
39
69
31
36
21
5
98
73
89
71
61
99
96
8
47
99
26
67
57
21
73
23
76
96
61
95
30
33
77
12
25
57
92
57
28
39
98
23
99
67
96
94
30
53
28
69
70
69
99
51
44
35
61
31
24
82
82
71
69
25
79
61
84
77
67
66
25
32
44
94
19
25
12
57
77
12
37
57
89
73
23
85
31
70
89
51
28
26
41
26
28
25
30
32
47
98
36
19
96
10
13
95
23
43
39
32
43
51
8
53
25
10
30
36
95
67
8
66
94
12
21
84
96
35
53
98
35
26
5
69
57
51
25
23
70
13
71
99
82
92
43
23
79
61
99
32
95
12
76
51
59
19
79
30
25
61
61
41
57
69
92
25
77
59
92
59
84
18
43
41
