20
100
50.0
80
59
74
1
53
66
76
61
93
89
57
90
92
0
44
2
63
33
86
74
49
1
7
69
40
98
19
60
94
58
5
34
49
84
70
6
49
12
20
45
24
69
32
25
32
87
43
97
27
62
45
3
71
8
41
52
13
54
77
16
35
92
47
66
9
17
76
96
93
52
26
44
67
76
46
83
65
11
81
95
4
55
15
89
28
68
77
92
88
89
31
94
37
99
11
32
48
61
32
52
94
8
20
93
64
55
30
72
36
77
64
32
20
61
94
47
44
39
4
1
91
11
75
30
48
92
50
22
54
7
4
94
29
66
44
37
64
99
23
1
4
87
37
76
22
7
10
30
78
45
76
99
82
74
64
66
61
51
76
74
1
1
20
64
56
22
85
91
30
47
9
69
72
66
52
61
51
69
44
30
87
9
92
77
76
36
66
36
54
11
65
4
61
92
91
93
96
45
10
87
38
93
21
38
22
52
74
48
99
94
9
91
52
47
20
61
4
6
8
55
89
47
49
77
11
36
76
36
96
74
45
93
44
52
20
77
14
8
48
66
18
14
64
76
92
49
65
74
61
38
50
66
72
70
82
96
93
61
44
68
10
91
20
7
70
4
65
42
37
77
44
99
20
36
45
42
74
64
55
22
8
36
47
49
48
44
85
9
4
96
72
10
74
68
48
64
52
32
77
76
11
36
91
42
55
22
87
30
8
61
82
72
36
77
99
70
64
55
42
50
32
77
51
32
64
72
69
36
37
73
65
38
8
48
36
22
48
76
37
55
65
76
65
48
18
65
76
14
36
36
6
69
30
50
44
30
54
87
1
18
30
44
36
74
14
91
4
99
91
38
10
92
55
85
14
1
99
74
70
68
77
8
51
8
93
74
45
1
76
36
74
87
38
30
32
55
38
99
69
42
89
48
8
77
96
18
82
69
11
8
20
82
70
68
30
8
18
37
92
82
89
66
94
76
8
74
87
52
18
92
4
96
9
61
65
45
20
85
38
6
22
94
7
76
68
38
91
92
32
30
45
49
37
61
69
1
93
45
9
65
79
42
61
70
6
82
8
9
76
9
48
9
30
44
74
14
7
30
72
94
61
9
36
77
38
54
94
92
69
38
10
96
11
52
8
69
10
50
91
7
36
48
1
87
48
94
4
74
22
64
74
52
10
51
89
54
89
9
61
64
72
61
51
22
44
93
18
69
61
49
69
45
22
93
22
30
44
47
91
76
85
68
65
91
4
92
94
77
50
1
76
92
77
61
4
32
52
42
50
87
76
91
20
64
70
8
22
38
54
49
32
77
48
89
14
85
18
54
51
49
32
69
48
44
77
22
85
20
72
69
47
1
47
66
30
6
89
9
50
74
52
52
77
18
4
18
54
7
9
52
9
30
14
44
22
96
54
38
11
7
10
74
87
37
18
42
87
11
69
55
70
64
96
87
51
61
11
20
85
47
52
85
52
96
70
9
89
18
91
18
6
18
20
64
85
51
37
89
77
42
9
22
55
20
64
79
45
42
66
99
76
96
49
87
42
38
22
32
72
7
74
74
50
36
38
76
64
54
65
92
93
79
69
96
69
4
6
38
8
20
47
96
50
55
47
76
11
20
77
1
36
38
94
51
93
65
91
18
55
6
77
77
94
9
64
51
22
30
54
89
52
14
92
64
74
20
20
61
47
93
69
51
50
64
45
6
6
70
22
76
51
66
14
89
38
69
61
79
68
30
9
18
92
92
87
37
37
61
22
99
69
52
89
68
44
48
20
82
70
79
11
89
64
6
11
51
51
64
76
7
85
7
51
38
74
93
69
92
9
32
68
42
8
8
55
44
48
52
76
94
50
89
20
94
49
54
36
10
52
82
91
69
72
91
11
48
48
10
94
77
1
42
99
10
74
72
42
18
61
82
6
38
9
54
49
54
48
11
91
47
8
38
37
14
77
72
91
6
82
9
77
30
38
82
32
89
93
79
68
11
69
92
93
36
65
79
79
64
54
72
72
77
96
11
49
18
45
93
1
74
94
45
89
7
94
30
10
1
52
54
79
51
61
65
99
89
47
30
11
9
61
42
87
99
70
11
18
44
47
61
96
54
32
8
69
69
87
93
1
38
22
10
18
10
42
37
22
42
82
93
72
68
79
94
18
1
38
64
96
42
55
8
66
68
76
69
96
42
91
4
89
69
68
45
55
91
64
64
22
7
74
22
7
14
79
51
10
76
87
64
92
8
10
72
92
1
82
65
68
18
6
64
64
37
50
20
76
54
11
87
