77
100
50.0
71
22
24
45
86
14
99
48
35
79
70
90
86
12
88
66
94
68
59
39
34
3
94
7
21
58
80
81
10
92
55
25
61
60
49
46
41
30
81
85
62
93
77
97
73
58
24
64
34
76
38
33
27
37
69
34
31
50
64
34
97
63
20
38
83
30
52
8
1
87
67
29
35
54
11
2
26
4
14
19
40
6
50
38
47
42
72
68
96
89
86
95
44
34
13
98
35
78
65
83
9
19
0
73
94
28
17
14
53
37
75
54
64
58
87
31
84
13
31
49
78
53
18
78
20
35
36
31
32
34
91
91
81
15
65
51
77
57
52
96
3
10
96
19
5
53
9
52
81
11
13
96
15
30
83
3
14
98
14
18
24
34
19
49
68
87
83
43
97
20
30
30
50
80
29
49
81
55
31
13
29
50
34
65
14
87
94
38
14
81
8
97
19
94
38
78
97
94
64
86
15
58
10
74
86
32
58
20
15
32
49
58
29
96
73
81
96
65
53
63
34
30
83
19
37
49
96
9
68
23
14
64
43
82
51
49
11
30
82
64
38
3
24
82
35
32
23
68
19
16
9
13
96
97
77
77
15
8
96
31
13
98
73
97
38
68
37
3
51
43
13
31
49
14
43
23
94
94
54
18
97
55
13
91
50
86
98
53
63
31
54
96
19
49
65
78
73
35
31
9
73
56
8
50
68
86
35
63
23
9
65
78
80
15
50
13
55
58
3
20
10
63
98
98
23
51
11
64
82
56
64
23
13
94
56
81
98
64
82
37
30
86
56
35
82
87
86
78
30
53
19
96
53
86
29
18
20
54
94
64
53
55
81
64
24
55
11
10
64
19
29
63
9
51
11
34
10
73
32
73
15
31
55
29
43
31
37
58
83
29
31
24
96
49
38
56
50
55
77
52
38
87
83
77
52
80
94
49
80
65
43
80
58
20
14
65
64
19
8
80
98
9
83
63
49
32
38
31
19
15
43
20
9
80
31
51
86
94
81
58
35
82
35
40
30
29
98
82
15
29
73
65
38
15
29
43
11
77
18
83
3
8
8
31
68
63
32
68
52
24
83
19
13
38
3
40
63
97
3
98
18
14
87
80
63
24
82
58
81
50
65
68
52
9
56
96
52
8
20
65
55
83
64
10
65
97
52
49
10
86
32
56
51
43
11
3
13
37
53
20
53
63
63
97
54
53
68
68
98
10
14
14
78
9
86
83
24
15
87
96
38
64
77
64
91
64
43
81
31
3
55
30
87
31
8
94
98
34
11
52
51
29
32
32
83
18
68
65
54
30
49
97
19
34
43
31
53
51
23
24
23
52
58
68
91
29
32
43
10
30
29
9
86
9
24
23
14
58
15
10
40
86
50
34
40
15
19
15
35
97
3
65
54
9
43
52
51
11
78
49
73
83
32
91
14
19
54
15
96
64
87
97
32
51
24
53
13
77
40
77
54
14
40
53
68
38
14
65
83
20
98
9
9
40
52
37
29
96
18
77
11
97
81
96
52
77
86
63
63
53
13
94
31
54
32
40
8
38
55
91
18
82
97
78
73
56
18
9
52
86
58
43
23
40
94
31
24
63
31
34
10
49
80
49
38
64
82
54
97
14
34
29
9
82
91
34
77
77
86
49
18
91
52
29
96
19
38
11
63
55
64
81
10
30
87
64
94
78
30
96
98
20
35
35
80
98
73
78
8
23
11
56
50
29
83
56
13
98
96
64
30
96
94
97
55
20
53
30
40
32
73
91
10
3
98
31
50
91
13
52
38
64
96
32
43
11
64
9
10
94
20
73
32
53
13
15
50
65
34
29
87
43
63
55
38
73
11
9
52
50
11
18
54
24
43
9
54
19
82
52
29
51
54
77
82
54
23
40
29
40
38
94
58
50
38
56
8
97
38
65
65
51
97
81
9
96
31
73
55
18
56
58
81
20
77
96
24
20
50
86
87
14
9
50
64
3
83
24
49
73
54
80
73
94
96
81
13
63
24
68
64
38
49
15
34
13
65
30
10
49
83
81
55
58
96
65
86
51
3
9
31
65
8
3
18
83
53
97
10
24
10
86
54
13
78
49
96
31
15
56
58
96
97
32
94
82
8
14
94
29
18
23
52
23
65
78
97
94
50
3
18
20
38
15
58
65
13
11
63
56
64
29
38
14
14
54
20
32
86
49
24
58
24
9
82
53
49
3
49
87
55
13
38
34
63
18
40
11
82
81
87
29
56
64
65
19
87
35
15
77
94
23
65
56
86
54
38
34
14
31
