46
100
50.0
37
82
33
40
4
12
9
42
26
86
9
16
21
11
58
15
63
47
3
9
81
91
27
82
15
76
2
50
52
64
86
89
62
31
90
11
46
30
8
12
65
36
53
99
99
81
53
87
75
45
11
88
38
29
55
49
39
21
21
60
11
67
54
13
53
73
48
54
51
71
7
97
25
66
89
6
61
20
45
72
18
66
26
83
23
10
45
68
44
1
9
98
43
32
99
70
71
59
34
10
67
96
70
74
68
41
9
70
65
43
71
35
48
57
43
23
65
74
84
35
81
9
11
6
65
85
28
17
15
35
5
70
11
28
79
73
78
81
48
6
35
70
94
89
77
70
12
69
66
56
43
10
45
65
14
39
35
69
81
15
91
73
10
23
23
80
91
43
93
10
49
26
82
70
92
98
23
92
66
70
1
24
49
15
91
43
54
89
35
38
56
21
73
2
43
11
56
70
39
99
28
89
19
6
11
9
48
35
87
9
39
98
86
87
87
10
64
64
92
71
56
39
89
71
93
70
99
1
87
45
67
73
12
45
15
64
82
56
69
34
70
21
97
54
21
22
87
43
74
89
74
38
69
70
66
15
21
77
97
91
38
28
77
70
38
2
65
24
65
77
89
86
77
28
12
79
6
81
21
77
48
49
24
26
38
64
23
6
24
49
1
43
87
15
82
81
26
38
28
86
74
68
87
98
39
6
53
93
45
71
79
53
92
81
92
26
15
54
15
56
11
0
86
77
87
0
23
26
98
34
73
21
15
74
53
38
53
6
9
26
86
34
38
49
87
97
92
87
92
74
45
99
38
86
1
8
97
91
43
91
39
89
28
28
66
93
73
43
71
21
38
87
21
93
87
24
10
82
73
2
68
10
2
56
69
73
43
68
77
65
54
39
6
26
92
45
43
23
56
12
56
69
54
11
35
64
54
12
67
95
82
78
93
71
43
54
79
28
78
93
81
35
11
26
48
82
11
93
34
34
73
71
74
68
10
73
1
26
82
89
21
87
82
67
81
21
48
8
6
8
92
78
74
2
11
43
12
66
82
93
82
68
74
49
8
66
21
38
0
92
69
24
6
68
8
79
73
71
56
81
92
67
66
21
28
11
0
53
98
54
87
54
87
70
15
11
35
34
99
87
28
48
34
70
70
91
26
38
48
67
86
53
8
54
6
87
38
98
65
1
87
53
21
89
15
78
15
66
26
74
26
73
87
35
21
70
91
21
97
97
79
74
86
2
81
28
15
45
23
99
64
86
77
78
65
28
10
78
9
53
34
81
28
2
15
11
99
64
93
34
87
89
93
66
28
26
70
10
91
2
12
78
78
54
2
39
91
21
9
43
10
21
2
8
24
54
2
11
89
89
49
24
2
8
9
82
56
91
54
10
93
23
69
48
1
6
8
89
86
81
66
91
92
49
74
89
43
87
49
26
38
34
28
70
26
38
9
87
86
92
98
67
1
35
97
64
92
91
87
69
69
39
43
66
66
56
43
48
74
71
48
26
2
34
71
38
99
10
89
77
81
64
81
70
11
43
71
71
48
45
65
87
12
79
81
28
92
68
93
11
28
73
23
2
38
97
53
28
89
1
9
91
78
79
82
12
45
65
9
99
81
9
49
0
12
78
86
68
56
6
81
78
64
81
92
24
82
98
6
73
70
82
49
53
77
92
49
53
54
43
69
70
82
11
64
45
54
54
93
26
35
0
38
81
8
69
91
79
45
11
0
1
86
64
64
15
56
0
12
99
89
70
12
15
98
65
49
9
81
56
54
9
65
11
64
35
77
97
26
6
0
34
79
87
23
49
68
43
78
39
74
48
77
0
45
79
73
11
39
28
34
49
78
2
89
49
67
74
35
97
24
12
35
53
86
87
79
81
73
8
12
34
77
21
28
35
67
11
73
11
81
77
74
87
9
43
54
10
9
28
24
93
12
10
92
78
2
8
56
78
64
98
70
77
56
45
67
97
70
38
71
0
9
38
9
12
24
10
11
38
34
24
2
10
56
79
98
92
68
89
43
10
74
15
45
64
35
99
48
77
67
53
26
21
49
54
0
70
89
6
92
64
73
12
38
43
43
77
99
64
6
68
68
78
92
21
68
89
45
53
34
81
66
0
54
82
65
8
86
71
43
64
92
21
89
11
9
24
53
24
98
87
68
82
0
91
64
26
73
77
8
43
21
97
28
53
34
70
98
86
87
71
11
53
93
39
82
0
98
70
43
39
68
24
38
28
15
23
74
26
99
92
1
78
38
79
15
54
65
28
