27
100
50.0
22
83
23
58
5
13
53
70
75
88
24
94
42
33
89
39
76
73
71
67
46
34
27
36
31
69
59
0
6
6
39
55
17
13
97
90
33
13
17
7
9
64
43
56
32
1
98
1
86
22
99
18
88
32
12
10
79
10
65
72
92
5
19
54
44
22
85
29
80
10
33
66
38
4
74
45
57
28
15
26
32
68
72
91
86
16
14
13
88
80
39
1
58
70
57
65
66
17
21
3
39
16
38
9
37
17
8
95
17
41
62
77
30
41
1
6
96
29
32
11
93
84
27
1
22
45
40
44
88
61
39
33
50
33
33
62
72
88
18
22
44
84
80
97
66
86
86
58
47
60
18
44
58
45
51
58
1
8
10
17
93
17
70
17
87
13
70
5
97
45
41
97
2
11
25
66
22
29
10
38
81
5
32
81
16
33
17
47
49
13
52
38
80
62
80
41
48
45
63
49
51
67
2
40
66
40
66
32
88
39
39
5
86
47
29
82
62
44
1
33
40
58
51
51
8
86
33
47
61
13
41
91
38
65
81
40
27
1
67
52
81
40
47
27
70
51
18
40
27
80
2
88
20
20
39
57
33
78
65
62
65
52
29
5
67
80
33
52
39
8
10
11
40
18
57
78
80
27
52
93
86
41
97
1
38
1
93
88
60
44
6
58
48
40
48
2
27
38
66
52
41
18
78
30
47
45
61
72
87
38
33
61
88
1
10
80
52
38
44
32
38
40
22
13
52
20
48
9
11
6
11
38
57
88
44
70
29
91
6
70
97
49
1
58
44
58
62
93
60
91
48
70
70
62
97
48
84
13
57
84
61
78
45
30
2
27
2
97
52
22
27
11
86
48
38
49
93
45
18
70
41
29
61
80
10
88
62
9
33
57
65
45
97
2
66
87
84
49
38
65
35
81
81
80
70
52
29
40
72
61
87
41
67
5
9
39
93
32
97
49
88
33
72
78
20
45
32
80
52
17
40
62
29
62
32
52
78
27
29
52
60
45
40
13
11
9
47
87
40
20
18
47
78
97
48
16
48
41
67
18
29
6
47
10
30
29
87
80
2
39
91
88
78
49
38
2
9
13
51
8
65
51
8
17
41
38
78
30
5
91
52
44
66
2
93
27
80
78
13
40
39
22
81
38
29
45
11
52
13
33
41
10
20
61
5
10
52
10
97
39
84
8
48
6
97
57
47
6
32
93
86
80
78
18
88
27
30
97
91
88
80
97
2
5
84
9
16
66
80
1
6
39
49
61
33
52
86
66
47
48
38
91
78
40
86
66
5
5
87
57
97
45
41
22
88
52
9
49
57
70
32
10
88
51
72
30
10
5
97
97
29
20
52
72
22
91
60
70
30
29
70
13
62
47
18
84
29
52
32
22
61
8
41
58
13
32
33
61
41
62
52
38
84
6
30
88
91
49
39
72
45
39
11
39
67
32
52
27
33
65
62
81
47
60
49
41
39
27
1
60
2
45
67
13
66
10
70
39
22
78
60
91
18
11
11
57
8
47
60
47
30
62
58
80
45
49
67
60
10
39
30
58
51
29
78
33
38
48
58
22
11
41
86
52
33
66
22
29
2
10
10
30
44
70
2
11
57
45
88
13
57
47
41
61
84
72
39
11
33
60
48
78
44
72
1
87
20
29
48
32
30
9
52
20
27
18
84
57
86
29
8
5
78
57
29
72
78
45
1
52
52
11
60
9
60
93
84
66
70
22
11
47
29
29
29
11
66
29
6
57
17
62
33
2
58
10
84
41
52
6
17
57
88
18
47
5
88
67
62
22
32
1
10
32
44
67
44
11
97
60
62
8
1
11
87
9
41
86
8
72
48
8
48
97
41
84
91
61
10
97
45
70
9
27
65
52
60
1
86
6
72
38
16
11
27
87
16
41
39
8
33
41
11
45
40
16
38
84
70
27
67
78
65
93
33
58
97
47
48
60
9
22
48
51
62
72
27
88
81
87
1
78
65
78
40
91
48
70
30
10
22
9
33
45
16
30
91
66
61
84
61
22
17
16
67
58
1
10
86
67
67
32
91
87
97
22
9
5
41
9
51
8
66
38
86
8
27
97
66
2
67
45
48
87
38
60
16
40
20
93
51
13
1
72
49
81
93
39
39
27
22
27
11
97
81
2
8
80
40
27
70
86
18
58
17
32
67
88
87
22
47
13
86
2
81
81
44
49
33
72
58
58
97
40
6
9
88
11
5
27
52
9
78
29
30
29
48
93
1
51
11
70
30
97
78
91
20
57
33
93
