53
100
50.0
79
11
36
51
35
77
75
57
97
0
22
51
3
20
70
99
49
76
56
3
30
2
86
71
64
94
88
15
89
55
51
68
47
9
93
90
14
5
38
87
2
73
25
42
60
74
27
21
83
32
91
68
12
50
28
8
62
48
37
81
61
90
77
83
53
30
29
52
2
96
31
74
45
90
86
12
52
7
9
60
98
71
86
50
88
74
52
23
55
1
60
69
19
52
46
1
31
60
90
80
50
95
92
76
55
96
74
63
91
71
44
19
60
10
68
76
88
2
35
40
1
42
66
43
51
83
13
86
52
17
74
84
73
73
47
96
51
3
2
5
71
82
90
2
39
91
60
10
63
74
85
67
63
31
29
55
59
65
73
5
41
16
53
26
77
90
29
65
29
29
51
26
48
42
73
77
64
53
52
47
87
72
19
35
85
6
48
10
24
48
33
10
19
71
19
90
58
26
85
60
67
5
12
31
65
10
67
77
68
12
2
53
96
29
86
5
19
54
52
35
30
63
54
42
35
85
29
43
1
43
96
26
54
78
85
18
87
96
29
86
90
96
74
50
65
67
86
9
5
88
51
1
29
78
88
6
19
88
77
64
35
53
17
38
47
78
5
26
50
26
90
35
10
19
76
63
50
35
88
52
42
53
68
74
60
88
60
31
90
86
53
38
71
47
30
19
52
51
76
10
68
28
6
88
91
6
78
30
3
26
63
55
9
67
90
54
5
2
30
77
38
87
2
88
30
4
54
74
19
42
71
74
65
19
91
83
42
12
34
12
28
74
96
3
68
52
28
87
60
54
65
52
31
67
54
48
6
68
91
31
3
68
43
98
5
90
71
83
5
6
83
78
67
91
6
73
73
88
9
91
86
52
67
51
78
71
85
50
17
51
50
55
29
52
42
3
83
12
63
91
30
26
17
88
19
53
55
83
48
90
83
63
28
86
51
12
64
74
29
3
17
98
19
63
19
96
74
63
78
34
1
77
60
64
1
28
85
47
60
5
12
91
26
50
64
64
87
47
3
60
86
83
4
12
5
64
53
38
38
1
52
55
43
68
47
28
60
48
90
51
71
50
86
42
86
83
10
2
63
50
2
88
53
30
60
48
29
42
1
4
5
26
10
71
38
83
19
90
6
43
43
98
5
50
68
26
34
29
68
19
67
55
29
31
67
29
3
2
87
54
55
87
77
1
38
71
2
2
34
78
54
52
53
10
77
54
88
1
10
68
78
55
47
74
4
5
54
60
3
47
50
87
43
88
73
77
9
71
63
43
10
10
1
5
54
26
74
63
53
76
68
26
31
30
30
43
5
38
54
30
47
50
50
64
64
31
38
2
31
6
91
5
2
71
52
48
86
55
55
65
90
42
51
71
5
47
77
47
3
96
28
30
52
88
5
38
50
98
73
42
29
54
3
96
12
71
71
54
47
2
38
31
10
50
6
38
29
30
29
48
51
34
63
98
71
5
88
90
12
55
55
43
43
68
42
12
17
38
98
91
55
86
55
67
76
1
52
30
1
47
52
64
34
29
51
53
55
17
64
85
60
12
53
50
26
4
87
12
31
51
55
50
96
48
2
98
9
6
6
30
87
52
9
52
26
17
9
47
63
63
19
91
43
48
2
67
26
1
63
30
67
74
60
19
90
1
12
77
28
35
53
12
47
83
43
6
29
17
90
2
51
53
29
78
17
67
53
52
54
90
3
6
63
1
85
12
96
34
19
78
9
74
48
42
71
29
6
88
52
88
26
1
52
42
48
74
63
85
54
30
3
3
42
29
64
65
64
78
1
68
73
50
76
90
43
28
12
85
50
88
74
85
35
54
50
96
90
91
50
67
4
68
67
91
19
51
1
67
50
90
35
12
60
87
60
85
31
26
52
26
28
63
86
85
17
6
87
68
12
50
5
31
63
47
29
10
74
9
34
6
60
28
64
52
65
87
17
34
29
87
74
65
9
53
34
91
55
17
17
29
98
87
74
12
98
10
63
54
76
2
65
52
83
65
51
31
85
2
96
76
63
85
78
87
3
63
35
35
1
50
78
9
88
91
53
96
78
51
52
65
50
48
87
31
19
2
43
42
43
77
85
90
63
98
5
54
5
76
98
1
42
73
48
86
34
71
96
77
73
78
55
77
19
2
63
76
71
10
35
78
2
1
51
31
64
52
88
51
68
12
34
51
74
76
5
35
42
65
65
19
50
88
86
76
10
98
30
2
6
67
90
91
96
68
50
30
10
71
10
48
68
43
31
12
86
6
98
48
51
34
