44
100
50.0
59
31
65
82
30
60
62
17
21
92
82
73
23
78
29
32
86
6
66
72
96
85
83
35
81
34
87
95
99
24
7
75
29
53
42
86
94
52
58
42
42
61
15
20
84
96
41
5
56
83
91
11
13
17
78
88
44
99
42
56
61
58
55
99
98
84
5
68
8
68
91
53
40
12
61
68
87
54
3
45
9
17
4
4
31
78
22
93
4
11
67
0
84
90
68
14
5
80
19
37
69
4
55
46
76
33
26
16
96
63
83
38
32
29
36
64
16
36
58
99
87
77
43
35
80
0
17
82
57
50
29
45
58
70
70
42
5
31
25
4
17
27
71
14
96
6
80
31
28
45
67
84
45
51
56
83
46
86
64
69
11
61
39
16
35
5
82
18
42
26
35
91
74
35
56
11
70
10
61
79
16
45
93
2
58
83
89
49
40
25
91
11
42
53
76
6
47
0
27
1
11
11
80
82
78
35
91
61
87
74
87
96
27
86
36
78
31
32
6
97
64
97
69
25
49
14
56
61
29
91
53
0
84
76
55
14
25
29
49
91
69
4
96
45
93
61
2
83
35
67
40
82
91
26
36
35
65
64
26
68
14
80
76
0
39
69
39
48
40
36
55
25
5
53
99
70
86
11
42
84
83
87
27
84
31
29
58
76
65
6
5
65
42
65
61
36
16
65
5
78
86
35
39
32
84
78
49
76
39
90
86
32
16
86
14
4
11
93
91
55
2
65
17
96
74
14
2
86
49
84
2
11
27
16
55
70
68
49
91
17
65
64
96
78
80
58
87
55
35
93
46
87
35
67
55
6
17
55
17
39
14
14
93
27
93
65
89
0
58
76
74
14
39
80
31
49
29
16
6
55
11
46
55
87
11
93
31
70
4
87
42
27
61
55
80
68
58
74
93
0
53
97
5
93
53
5
90
83
65
90
31
42
45
31
97
25
68
61
49
87
25
99
58
49
2
87
58
39
76
29
83
31
83
5
83
25
40
70
74
16
97
67
78
67
17
49
39
65
84
42
36
76
96
61
39
97
93
82
0
25
26
35
49
78
27
90
70
17
42
87
32
39
11
27
90
78
29
39
84
56
69
31
90
35
93
53
6
86
89
27
99
11
68
5
76
58
90
68
14
6
56
80
80
14
56
64
39
74
67
5
46
84
40
0
58
78
56
58
11
6
97
91
40
91
80
2
45
46
64
46
64
91
14
96
67
14
55
40
99
25
56
46
31
0
53
26
0
45
56
70
2
78
4
25
53
68
64
76
90
84
39
55
0
5
93
99
91
70
49
64
46
2
91
53
86
67
45
53
74
64
78
56
76
87
64
55
29
91
70
53
97
29
5
11
25
14
86
89
93
40
53
90
61
83
76
32
83
45
31
31
89
78
35
29
6
70
17
65
39
35
76
53
29
58
42
87
99
39
78
97
89
14
56
2
40
68
65
27
27
36
2
96
56
64
27
68
0
83
55
93
67
0
80
45
64
70
36
39
49
74
61
5
40
49
74
82
97
86
32
5
83
67
53
32
45
96
65
17
25
40
84
6
42
65
86
96
4
69
84
56
69
58
49
74
29
86
80
17
45
39
25
78
25
27
53
90
16
69
25
89
76
93
82
42
26
0
45
42
25
80
80
58
26
58
36
35
5
11
69
78
86
76
93
58
42
84
86
49
35
58
11
68
5
67
99
35
53
89
69
96
4
58
40
17
53
74
90
97
25
11
83
49
67
70
99
67
55
90
78
6
67
64
0
32
89
25
14
0
31
99
91
99
29
45
82
4
80
11
6
76
31
42
35
89
58
46
64
49
35
93
68
99
5
49
6
35
49
32
99
26
0
5
97
67
56
29
64
90
82
84
76
86
68
27
45
11
70
91
36
26
31
35
39
83
11
6
5
39
49
6
49
5
69
67
67
80
78
36
25
45
93
55
93
99
6
49
35
53
40
35
0
76
27
76
93
2
40
69
90
56
70
26
96
35
97
25
61
14
80
40
90
45
65
0
45
96
82
4
49
96
68
31
90
36
68
46
93
69
84
76
11
11
87
42
31
14
76
36
99
36
29
27
64
31
27
55
97
6
96
69
96
36
86
26
2
78
27
58
78
5
91
31
68
87
25
80
68
69
31
70
11
83
49
82
74
49
96
83
97
35
56
46
5
90
91
90
58
68
80
65
11
17
2
93
42
82
74
35
32
49
99
11
6
99
6
58
25
68
27
29
82
35
42
16
61
42
55
65
17
25
31
6
16
17
16
68
76
99
68
61
