45
100
50.0
7
47
66
32
41
16
40
79
48
11
43
14
23
80
87
73
52
8
49
26
44
93
50
72
6
75
18
64
16
83
22
75
15
59
55
38
51
29
2
58
57
88
63
23
20
91
10
95
11
97
61
76
39
26
10
59
3
89
0
65
12
56
37
81
16
74
54
35
48
90
36
86
9
42
91
11
82
62
46
46
84
69
2
78
48
41
31
78
15
25
92
82
59
94
74
60
74
1
42
47
31
30
16
82
3
27
21
78
29
35
74
29
78
66
1
23
65
27
42
3
18
74
18
1
47
59
31
23
45
6
33
13
41
11
62
45
99
93
66
26
27
85
41
29
74
83
18
8
66
71
53
98
68
75
4
75
24
71
97
48
97
74
59
62
26
42
42
82
67
1
2
91
8
93
60
71
42
48
4
78
26
6
11
19
17
10
99
62
19
96
26
5
59
71
41
30
97
78
91
65
26
71
77
15
6
78
15
77
6
83
16
99
62
42
26
97
5
97
8
70
10
46
60
19
78
71
41
56
91
6
23
35
67
11
62
42
26
98
31
29
11
35
47
8
28
27
16
42
15
45
59
74
79
79
31
8
26
53
34
59
53
18
56
47
46
71
6
11
2
10
35
98
15
47
59
16
60
83
8
16
42
46
11
29
31
66
83
65
59
17
15
71
71
45
3
35
45
53
79
26
82
35
91
41
70
26
41
1
29
82
29
47
91
66
74
83
74
23
56
46
99
2
26
16
30
19
15
29
93
31
16
71
15
5
35
19
82
31
67
5
42
19
28
47
99
15
67
77
82
66
93
23
99
5
42
91
47
45
26
77
10
56
53
6
53
19
77
17
29
74
71
77
31
53
42
97
6
42
23
46
6
97
74
4
27
19
5
10
30
46
8
17
16
35
31
31
53
10
35
45
23
47
70
17
83
27
74
79
79
97
79
2
99
77
75
48
74
17
42
56
15
6
53
82
26
67
83
11
5
70
4
35
4
26
5
16
4
59
82
99
99
79
35
62
46
71
10
93
6
27
62
3
8
27
1
27
16
35
42
75
47
62
23
41
77
30
5
42
23
74
5
45
26
48
70
18
5
79
66
3
93
98
19
31
79
99
97
15
83
27
62
27
6
91
8
67
17
75
3
41
59
83
91
78
99
15
18
27
65
35
66
47
29
46
28
29
31
97
62
47
10
18
60
31
65
31
1
56
16
71
62
83
2
5
91
46
93
99
1
29
60
2
31
82
60
82
75
4
4
77
82
93
10
56
2
35
77
77
17
5
46
48
5
75
35
47
98
56
1
27
83
56
2
6
26
27
41
83
97
62
2
53
46
18
78
28
46
83
1
41
3
66
56
47
3
19
42
67
66
60
47
97
99
98
91
42
10
74
45
1
62
31
98
4
79
19
60
2
41
17
93
18
4
70
93
74
70
10
62
4
26
16
29
91
17
62
98
60
79
41
56
8
35
41
5
6
26
2
10
82
79
27
27
70
93
35
70
16
23
10
29
47
62
53
65
4
27
19
3
59
79
59
1
70
30
93
67
15
28
75
18
26
53
62
1
83
15
27
28
47
26
31
59
18
53
75
91
67
74
17
11
3
15
79
93
4
75
83
27
74
78
62
10
47
97
56
5
62
41
53
56
56
93
27
23
47
28
93
75
93
42
29
83
30
93
28
11
78
93
79
1
16
91
48
53
45
3
30
8
48
11
31
59
26
46
79
97
5
60
98
82
6
19
98
17
60
78
77
91
23
93
2
30
75
93
66
17
71
6
56
48
5
29
1
18
77
26
59
82
17
98
60
18
27
56
99
31
53
91
45
83
15
41
23
65
78
8
31
82
99
35
6
77
78
5
74
19
79
18
77
19
2
27
65
17
79
71
35
79
56
47
45
19
99
56
56
75
19
10
71
11
56
27
23
5
8
16
35
2
18
82
42
35
19
71
8
5
10
47
10
4
83
74
59
82
53
82
27
93
91
16
41
19
35
60
10
93
56
29
53
67
98
60
46
42
5
10
98
42
60
4
65
47
99
59
79
62
3
97
42
66
56
28
35
15
67
47
46
66
47
82
2
48
16
78
10
79
30
82
91
35
93
60
41
1
48
91
35
56
47
17
74
26
17
74
79
75
15
2
67
35
16
56
27
41
59
66
2
17
41
82
97
93
98
65
6
71
60
35
78
17
46
17
74
30
56
77
16
41
2
6
75
56
99
41
30
30
91
31
15
56
79
93
42
15
8
74
11
65
62
83
67
18
35
29
16
29
93
67
19
