69
100
50.0
70
24
73
56
12
32
84
0
18
81
39
57
82
25
26
67
65
75
53
77
87
82
42
20
10
43
79
83
75
55
51
15
97
93
78
44
66
81
98
27
45
37
21
64
69
31
96
31
43
67
45
11
26
60
76
3
91
7
16
97
22
64
28
95
4
42
0
40
94
76
13
84
17
93
90
8
14
61
42
66
38
81
76
42
21
78
23
35
93
0
34
75
13
74
80
50
61
6
2
53
66
85
21
31
82
64
54
97
54
33
53
68
31
61
49
47
35
39
53
26
9
45
21
67
71
62
77
64
7
46
71
36
77
19
46
50
99
13
41
35
9
26
5
64
29
74
88
7
90
9
78
90
72
43
13
78
26
42
61
29
77
0
64
43
90
67
36
59
5
34
63
66
89
53
76
8
1
54
34
9
72
90
86
39
9
76
43
34
9
50
52
90
83
58
19
62
90
82
71
7
72
45
67
0
97
45
83
43
53
34
53
8
48
83
29
5
61
59
45
30
48
38
36
67
0
9
53
0
26
8
21
82
78
47
53
42
57
89
62
99
76
9
74
62
78
50
76
99
42
48
54
46
19
50
0
8
64
47
90
76
47
0
26
57
77
53
78
93
29
75
9
31
42
62
34
83
54
72
8
21
57
92
43
35
43
93
75
82
78
62
89
45
97
77
72
71
78
45
30
39
81
81
81
77
97
75
64
9
82
76
48
83
74
39
67
82
0
93
86
48
21
5
13
54
29
13
13
61
30
26
99
61
59
45
48
74
29
82
38
62
47
5
47
34
43
77
76
97
34
66
81
43
76
38
0
54
66
21
93
38
8
21
30
38
71
7
35
19
38
99
99
45
53
72
81
54
77
21
29
71
57
9
86
61
74
39
30
42
46
46
43
97
84
35
97
7
57
45
34
89
76
66
7
8
61
78
64
13
54
19
86
93
82
78
90
61
13
72
64
0
29
67
71
72
35
21
59
26
93
93
31
48
99
30
77
0
67
39
59
39
89
46
21
86
59
83
76
34
90
90
13
77
21
34
77
75
64
78
19
50
7
59
30
77
74
64
83
54
78
21
90
42
31
46
77
8
84
45
66
34
5
67
66
78
81
76
26
21
26
74
78
8
35
0
74
64
62
84
97
78
21
7
38
74
35
82
19
66
67
7
93
71
50
31
9
47
19
43
74
86
77
61
45
48
86
97
86
74
8
54
93
31
78
45
26
39
90
66
26
75
46
59
71
75
99
59
54
66
61
29
67
46
35
84
66
77
47
42
57
82
84
9
71
13
38
19
67
5
93
72
66
9
0
35
86
72
81
86
57
9
59
47
97
48
83
72
7
78
76
90
9
34
47
54
46
57
64
62
19
64
38
97
84
61
67
21
54
83
75
78
26
42
75
7
57
93
8
71
97
9
9
67
83
84
90
97
74
5
30
9
7
13
31
71
84
90
54
26
72
54
42
61
9
76
30
29
61
75
31
82
53
66
29
76
0
26
5
21
81
71
89
67
36
59
48
61
83
39
97
66
39
39
7
30
50
29
77
84
82
31
82
78
90
83
31
26
35
66
57
64
38
31
61
36
19
89
59
90
90
89
35
21
19
42
97
21
81
34
34
19
66
99
34
66
71
30
59
89
9
59
42
61
89
13
38
99
47
45
53
89
43
78
47
83
29
39
57
7
66
7
30
66
31
42
5
83
30
26
72
8
97
5
78
21
83
5
5
97
38
45
5
61
8
0
39
38
99
54
0
84
50
42
34
21
39
42
47
47
74
13
43
35
89
43
90
47
34
64
7
5
84
72
77
8
86
31
45
35
72
26
34
78
82
82
72
45
13
26
42
46
53
21
90
45
71
54
19
74
81
0
13
46
5
83
83
39
97
72
48
84
47
26
62
78
30
99
21
66
71
53
50
86
21
48
21
84
7
97
38
75
54
7
9
38
97
54
59
72
97
5
71
78
42
30
29
39
48
26
0
53
13
47
30
47
29
62
19
86
97
43
93
82
77
77
54
93
0
7
29
82
75
19
30
29
89
46
66
47
64
31
29
54
54
71
42
30
64
26
66
64
62
61
26
46
61
97
71
78
39
13
83
9
62
67
82
42
21
64
75
82
75
81
46
48
21
19
38
35
42
82
47
57
62
38
19
77
53
38
89
81
42
9
21
36
34
75
86
54
48
30
53
42
5
86
30
42
66
7
30
67
59
59
21
66
59
0
83
66
45
74
47
83
62
54
62
77
13
93
75
82
35
89
62
75
59
36
46
74
36
35
