47
100
50.0
7
72
87
61
34
73
8
8
21
23
89
17
84
9
67
30
66
46
48
65
13
42
5
58
83
43
10
4
80
37
71
38
34
54
81
6
84
19
56
24
64
11
15
99
60
16
45
44
12
70
40
57
5
0
73
76
88
91
11
11
80
76
89
26
38
52
54
82
73
50
54
93
55
50
75
80
63
36
49
33
35
93
41
1
24
80
7
69
63
43
93
58
54
30
58
81
29
94
55
14
70
18
88
13
7
24
34
48
86
68
51
78
95
38
21
7
54
78
38
73
61
59
32
22
86
13
11
86
92
71
28
55
71
62
13
32
63
93
62
22
54
48
84
97
79
13
66
78
86
53
30
48
7
79
98
22
86
65
53
86
63
71
94
54
79
66
79
71
91
50
61
13
47
54
74
80
12
54
22
88
48
63
76
50
91
43
53
93
80
30
25
66
38
62
70
79
3
62
89
38
56
7
53
24
71
43
73
63
70
8
81
55
35
38
77
21
63
24
27
43
58
39
94
63
62
29
91
24
35
5
34
12
2
8
88
89
91
35
80
94
12
85
86
80
61
22
78
58
96
20
35
71
71
11
62
71
7
84
78
5
66
42
24
25
42
73
78
32
11
35
93
32
42
79
21
93
50
25
63
35
98
61
80
34
48
70
55
84
24
78
91
38
98
35
78
50
76
42
31
43
89
5
89
91
11
93
13
55
54
38
85
98
55
11
30
66
30
27
32
12
5
78
73
93
66
7
90
85
81
78
13
89
8
73
34
65
56
11
65
89
89
94
84
32
58
84
29
7
32
86
27
42
21
3
78
80
21
25
84
98
27
73
38
27
21
13
79
73
62
94
65
89
7
55
80
53
84
91
93
71
94
90
22
29
53
61
50
61
54
38
90
32
8
11
25
65
71
35
76
84
54
34
85
61
88
63
65
24
34
35
84
50
25
56
89
76
63
3
63
5
98
3
63
3
78
66
13
8
25
80
27
43
8
90
7
98
5
80
58
34
12
73
21
32
21
71
53
5
7
5
62
29
3
43
66
7
84
42
35
35
24
94
7
63
34
76
21
12
43
32
11
22
3
29
98
50
90
34
71
94
38
98
93
70
54
27
7
93
24
70
71
12
32
63
7
56
62
58
29
43
50
25
61
90
32
61
54
66
91
42
29
94
94
7
54
93
58
93
93
84
65
8
80
5
25
53
93
7
42
21
98
62
88
65
42
8
62
8
79
32
43
42
24
76
42
88
90
11
22
58
21
61
56
94
53
22
50
7
27
24
73
73
66
54
22
76
32
90
80
22
65
12
85
79
86
24
50
53
84
21
81
90
88
5
12
11
54
5
66
90
7
90
53
53
43
24
56
53
5
5
50
65
42
98
34
85
29
13
79
56
50
7
25
3
13
91
79
50
5
73
56
70
90
78
81
66
48
76
76
66
7
12
22
86
79
42
50
32
13
29
24
62
56
54
32
66
42
22
3
85
66
12
13
54
12
78
30
80
38
13
80
70
54
80
48
65
84
50
55
3
54
34
13
86
62
48
81
89
79
56
54
63
43
27
90
85
55
63
12
71
30
29
80
80
89
48
80
43
91
70
35
61
79
13
53
71
61
48
3
86
29
61
54
54
13
93
71
13
8
90
63
42
76
8
90
11
90
80
62
80
61
32
58
79
29
22
3
62
27
78
56
65
48
65
43
35
90
65
73
71
34
89
79
58
56
66
3
43
71
63
91
35
63
43
62
34
50
70
43
73
78
93
29
11
22
88
50
86
94
70
50
12
21
25
70
65
22
11
91
65
34
27
5
86
65
94
5
86
58
73
7
22
58
27
91
88
55
98
7
78
89
35
94
88
35
7
29
56
76
8
71
27
73
88
12
91
80
38
21
38
35
5
22
32
88
5
3
88
91
27
81
38
73
35
7
38
54
84
21
13
38
62
93
8
62
94
73
53
54
27
38
43
8
54
56
13
7
43
58
34
70
32
32
42
13
66
3
27
71
76
54
38
70
91
32
48
66
48
48
94
90
70
30
34
98
78
8
7
50
29
5
7
32
61
55
81
78
24
34
21
76
62
70
48
12
43
71
80
32
53
61
56
12
11
13
76
38
86
50
8
48
63
29
86
32
62
38
12
32
85
12
27
32
66
8
42
30
65
86
63
21
70
78
85
63
5
70
62
76
91
98
56
91
21
63
29
90
3
93
85
88
27
70
58
13
91
12
85
78
11
85
90
8
50
29
38
89
89
48
62
27
42
29
25
85
7
91
63
48
30
