19
100
50.0
21
39
4
11
31
7
33
57
36
85
30
90
48
46
95
59
55
57
2
47
50
45
5
20
72
84
76
12
56
74
57
21
35
70
3
72
16
36
81
9
55
70
50
93
10
98
54
75
58
90
14
32
25
86
87
98
55
70
88
44
26
5
65
98
97
49
21
64
29
1
5
41
27
4
35
62
71
71
94
19
89
90
70
4
46
22
5
79
13
88
61
55
77
38
68
51
78
63
33
82
32
73
35
17
96
50
43
67
99
18
91
18
12
66
71
70
4
53
82
24
88
15
93
12
61
70
52
58
33
82
53
93
63
50
64
99
66
21
90
34
32
58
33
98
6
64
93
17
49
28
60
24
35
91
80
92
19
58
12
92
0
34
61
61
36
66
66
40
23
67
4
19
21
93
56
72
58
88
50
18
4
15
4
21
1
63
92
92
35
83
70
67
63
58
49
50
90
19
66
18
15
24
88
4
19
70
6
57
12
69
6
82
28
15
15
28
66
49
5
72
40
46
15
0
27
1
50
61
61
55
63
37
64
49
50
63
28
69
82
55
1
46
88
19
50
70
58
5
92
67
90
70
19
70
55
23
33
24
92
93
93
8
92
58
55
12
99
61
17
72
5
91
82
6
82
5
37
99
1
90
15
41
82
12
72
58
40
88
90
91
69
56
67
5
40
57
17
21
72
70
18
0
36
41
4
64
18
63
64
58
28
36
1
28
32
34
92
56
67
91
1
70
21
37
57
0
56
46
61
57
58
34
35
55
6
69
41
58
50
50
12
24
15
34
4
1
55
32
53
40
12
88
23
66
56
49
66
24
6
40
63
50
23
8
56
63
36
46
32
91
23
46
8
72
46
18
70
1
46
5
69
50
88
40
53
61
28
40
5
12
63
35
19
90
92
72
56
6
53
55
8
71
49
0
36
72
98
84
0
63
63
42
50
37
56
17
99
82
40
19
88
19
63
67
55
18
5
17
0
40
84
53
90
37
56
34
70
70
71
18
93
0
32
55
93
41
98
36
41
98
63
6
57
91
93
4
91
50
64
37
99
6
49
99
46
53
53
27
55
99
70
66
69
91
1
28
92
69
40
23
69
24
23
66
40
24
67
46
1
90
61
90
70
19
19
49
15
84
12
84
4
92
19
55
40
21
34
50
18
24
40
64
71
93
50
67
15
92
72
41
92
18
41
15
28
99
84
61
32
41
55
71
88
6
90
33
99
72
49
36
71
58
61
90
41
90
99
70
17
35
17
12
46
17
33
0
50
82
71
15
84
53
71
56
41
69
72
92
91
82
5
21
84
49
58
0
70
34
63
18
70
57
21
61
67
61
64
24
18
69
50
36
34
21
40
17
12
28
64
72
67
4
84
50
18
8
88
93
70
27
88
61
58
46
57
5
21
19
72
50
0
15
64
57
99
66
92
91
57
35
6
84
32
99
53
64
37
91
57
88
24
17
71
69
8
23
0
90
24
99
63
56
40
69
50
27
33
92
37
88
41
32
15
55
90
12
93
58
56
92
34
56
15
8
84
23
23
40
35
71
17
66
53
33
18
71
41
36
12
21
1
33
0
71
32
61
6
33
82
63
4
92
18
24
99
92
57
92
99
41
92
5
12
84
69
18
53
36
88
19
56
70
0
69
90
17
67
50
69
28
50
37
28
70
34
15
5
37
15
32
40
57
46
23
23
49
69
72
41
58
53
21
91
8
69
37
35
93
28
69
56
12
28
46
8
64
24
63
53
69
46
71
46
63
24
1
33
70
99
15
21
71
93
56
53
34
19
12
49
61
1
1
98
53
72
91
50
55
88
58
28
46
46
64
23
49
5
27
23
46
70
91
92
40
93
71
37
23
58
1
67
17
53
12
49
23
84
98
37
56
55
21
33
1
1
41
1
37
57
27
99
37
98
36
46
1
93
37
93
28
49
91
21
8
56
90
58
93
91
67
36
34
4
61
63
21
55
21
5
99
55
27
6
99
40
67
49
12
46
71
23
56
72
71
57
91
8
69
18
82
98
90
49
84
32
24
56
37
63
58
34
57
1
56
17
37
4
28
1
91
21
58
21
71
70
82
49
99
64
41
92
23
63
23
4
67
6
12
19
53
57
5
72
91
90
70
84
21
53
84
15
0
49
66
37
1
71
5
55
8
56
91
71
69
49
33
24
36
19
37
92
58
12
82
18
24
72
46
8
34
4
17
19
61
0
24
93
35
36
92
34
23
56
1
99
84
90
15
88
34
12
0
19
17
92
67
46
88
27
71
