96
100
50.0
46
98
9
16
9
9
87
85
58
20
38
11
78
69
86
59
61
72
60
82
27
5
71
28
7
45
93
82
91
81
66
26
24
53
11
49
58
14
94
14
19
76
12
51
10
53
8
82
80
14
95
41
81
92
67
9
40
70
67
90
31
18
83
67
0
78
2
90
52
41
56
78
51
6
48
30
32
81
83
33
64
41
81
14
34
36
18
6
77
18
37
83
96
1
15
97
99
55
7
90
15
23
83
9
54
76
68
11
4
47
34
84
63
65
62
2
90
54
42
79
82
47
67
90
4
75
68
34
27
86
30
81
34
35
3
53
78
55
74
57
25
56
80
39
48
22
41
76
44
96
54
86
56
7
36
37
7
11
51
4
84
15
63
29
73
2
81
68
7
21
7
76
68
90
80
47
83
76
55
37
50
29
17
34
7
37
56
81
2
53
54
36
36
7
15
9
86
2
70
18
30
89
68
58
68
8
47
9
88
29
48
11
65
57
4
70
51
4
14
4
57
25
82
57
34
30
58
7
48
82
65
62
88
82
80
70
29
76
34
29
82
43
76
41
83
9
73
82
96
80
14
76
2
73
81
34
50
14
50
73
63
4
79
8
66
83
90
55
79
4
76
73
68
53
18
65
78
29
58
68
78
78
55
57
80
80
11
83
15
55
62
9
50
29
58
29
67
8
70
57
18
8
11
8
68
82
73
58
18
56
2
36
34
63
7
36
68
66
48
4
36
36
66
37
51
78
47
73
51
13
25
4
25
56
51
68
27
27
51
62
79
50
79
41
79
29
55
68
47
27
88
11
51
57
70
41
80
48
51
67
79
68
73
78
68
48
63
51
76
67
15
58
62
14
13
53
96
7
11
58
37
76
14
54
18
14
79
90
88
18
62
1
48
54
41
68
56
73
30
18
84
73
13
47
51
68
2
76
37
29
55
76
15
79
1
54
8
58
41
37
7
73
2
18
67
66
7
29
86
8
76
34
54
15
62
50
18
62
63
76
76
82
79
8
56
63
50
83
63
96
79
50
36
70
4
88
79
47
25
4
84
62
79
50
50
8
66
66
54
25
76
83
78
63
11
47
86
34
7
11
70
11
7
48
80
14
54
29
2
62
29
18
9
51
51
41
57
90
7
53
57
18
29
54
66
82
79
70
81
90
90
29
7
15
25
2
73
34
2
6
96
6
68
30
84
67
51
73
58
65
55
11
53
66
11
80
29
14
58
51
54
53
83
8
1
34
7
11
4
58
50
62
34
9
48
1
34
54
7
54
90
47
51
63
8
6
4
36
82
76
11
86
18
7
58
96
48
96
29
58
25
68
13
57
65
14
1
34
4
50
50
56
65
90
67
55
62
55
25
84
81
36
9
55
86
27
84
82
47
96
51
86
53
48
36
18
56
37
13
2
82
1
4
66
36
56
76
63
1
7
29
41
4
79
51
62
82
86
96
96
63
79
25
34
63
7
8
18
53
41
47
6
84
81
83
34
15
37
1
36
6
27
27
9
54
54
82
9
1
57
8
80
78
62
58
14
65
1
18
47
66
51
88
18
30
73
78
96
25
1
18
27
56
25
8
55
41
27
80
88
66
25
9
82
25
11
50
48
73
4
81
76
68
70
62
1
76
27
73
67
29
54
4
37
88
9
34
30
73
86
62
82
29
1
8
76
6
63
76
55
58
34
50
70
82
73
68
79
36
13
25
1
4
51
54
90
9
1
36
90
81
48
37
96
73
83
51
2
79
30
37
7
37
70
90
68
86
18
48
27
56
27
30
8
81
54
73
48
48
11
41
96
70
80
90
86
73
4
58
54
86
80
76
53
6
47
67
65
70
67
8
86
56
57
8
86
41
8
41
25
34
6
54
15
68
34
76
76
29
25
37
63
88
83
88
6
29
47
47
7
84
7
11
51
14
34
83
79
84
80
84
41
88
34
25
41
68
83
14
62
6
48
27
54
7
50
67
96
73
29
30
76
18
6
86
81
73
48
41
57
30
1
58
36
1
81
70
81
1
68
82
7
18
68
34
66
78
70
65
58
86
63
29
86
76
63
13
76
11
86
82
90
36
34
62
88
34
37
58
13
6
53
81
36
62
8
25
86
78
29
41
50
56
78
63
18
86
37
62
36
80
79
90
82
63
15
82
1
41
34
36
41
14
47
76
62
78
25
82
2
4
55
6
8
62
70
2
18
76
67
56
18
65
7
36
29
50
34
37
48
78
54
84
8
73
48
53
25
65
30
27
11
9
63
73
78
58
88
2
84
