16
100
50.0
42
34
8
72
46
40
19
81
30
21
89
35
77
25
51
33
86
75
59
37
57
62
34
98
82
74
10
45
41
64
57
36
38
0
56
19
93
82
35
49
79
39
58
86
91
95
32
43
20
26
43
60
52
61
1
76
49
24
9
96
44
27
43
4
48
53
27
67
85
73
8
79
44
49
92
82
65
12
44
90
22
58
2
14
94
84
76
76
92
57
49
82
93
16
83
47
78
44
31
70
23
39
50
17
54
60
31
63
49
82
63
80
88
14
47
8
17
29
61
68
8
43
92
8
48
13
80
10
3
49
66
7
80
78
48
44
79
60
86
2
65
70
99
51
55
63
69
19
97
87
76
50
17
31
31
49
86
5
50
11
49
6
93
21
21
71
50
8
60
80
66
66
14
49
43
43
49
51
93
31
19
57
13
63
66
97
10
23
39
34
71
15
31
79
57
58
48
35
8
48
43
39
5
25
48
58
58
79
57
66
11
50
60
51
19
34
82
43
15
76
92
23
17
71
6
71
82
60
10
9
27
6
49
10
19
35
2
9
97
78
92
80
2
5
14
49
39
97
15
66
14
55
66
15
50
10
28
6
57
86
23
50
78
50
61
23
10
39
92
28
51
55
78
18
17
76
58
48
66
17
14
34
19
63
76
81
80
81
71
25
63
2
50
13
10
6
55
13
27
81
17
8
65
35
19
43
14
6
29
76
65
21
44
21
81
5
51
13
50
21
6
79
92
18
61
6
25
66
5
60
48
76
76
23
82
93
17
79
6
9
50
57
9
51
44
86
25
70
82
63
35
13
10
60
23
8
63
48
61
86
31
79
55
23
78
17
25
71
61
25
63
71
35
51
61
48
81
97
14
63
66
35
55
81
78
23
55
31
9
92
97
81
19
55
79
55
50
11
19
25
6
29
29
86
10
27
25
58
29
93
44
93
97
35
18
39
8
81
31
15
14
5
39
79
63
29
70
17
13
2
80
9
82
60
2
2
81
27
48
17
6
81
15
2
28
14
10
57
58
61
86
86
71
60
47
11
23
55
63
15
49
19
19
13
14
5
70
31
57
60
15
18
8
27
93
70
66
9
80
79
39
8
50
81
39
70
34
27
29
81
18
11
17
5
39
55
29
51
17
27
55
86
60
79
11
21
79
29
82
34
11
78
31
71
65
14
44
51
43
61
61
81
47
6
51
82
97
66
39
5
10
9
81
49
18
31
55
80
31
97
60
50
63
27
39
9
47
49
92
63
35
31
97
81
9
61
19
50
15
29
5
47
51
48
17
43
80
58
23
31
35
66
39
60
6
13
65
76
9
27
48
97
55
78
21
78
10
50
66
82
48
76
61
11
51
81
76
61
86
50
47
34
19
79
92
58
70
34
18
43
76
49
92
14
15
29
8
10
82
51
34
8
14
11
57
92
97
44
70
2
82
27
70
11
80
17
9
81
17
18
57
76
70
70
65
9
15
92
2
63
76
8
50
8
13
17
92
50
29
39
9
28
93
97
18
8
11
5
93
18
92
14
60
79
10
13
11
93
47
8
5
39
2
18
27
10
8
79
51
39
58
18
76
11
18
35
79
11
19
14
65
10
43
71
39
81
79
70
39
92
79
55
27
14
19
71
71
43
57
78
29
31
80
57
81
79
2
57
49
65
50
80
92
63
81
61
19
55
79
35
43
80
43
82
39
34
92
86
51
65
5
39
71
29
9
5
18
80
50
19
81
58
70
21
13
66
66
65
80
14
66
10
39
43
80
70
82
60
71
82
2
58
34
49
11
97
79
79
28
35
58
8
27
29
60
35
34
49
48
80
82
92
57
70
86
66
97
66
50
2
18
50
35
5
14
57
15
18
43
29
57
79
92
17
10
35
55
49
71
28
14
80
58
76
14
60
81
19
11
34
9
23
2
2
18
80
43
35
65
28
60
34
81
34
10
13
61
21
23
58
35
71
55
61
27
34
79
29
57
9
17
39
79
6
19
23
82
27
5
47
61
47
66
55
60
15
6
10
63
35
60
49
21
17
63
35
81
29
79
80
86
49
65
51
9
55
35
61
61
66
15
92
35
11
51
71
35
93
47
81
47
82
51
27
71
10
9
25
86
70
18
2
29
51
18
34
17
11
23
31
25
97
13
63
27
57
35
44
79
19
21
13
34
34
23
63
44
58
6
5
55
93
92
11
71
70
34
2
80
82
25
8
9
86
39
10
66
23
17
8
92
29
97
35
70
34
49
2
61
31
21
39
43
34
5
28
5
65
47
80
