6
100
50.0
97
18
11
30
5
64
18
27
18
75
10
84
82
9
98
88
38
85
71
35
29
36
23
59
14
22
96
49
86
52
73
41
50
16
96
45
9
66
28
67
1
80
12
1
54
25
69
54
47
7
90
60
18
20
17
94
19
34
15
0
6
45
50
72
48
82
3
35
81
46
49
37
31
75
62
4
79
15
44
87
18
84
80
83
45
88
68
2
58
42
53
24
7
40
84
5
7
35
79
5
51
55
42
70
95
52
78
21
65
92
13
90
34
81
82
17
57
9
84
76
8
32
60
52
63
90
50
76
77
96
18
97
76
79
93
75
56
92
45
87
56
25
4
32
8
76
82
34
81
75
56
42
0
53
44
21
96
18
84
18
60
1
83
32
45
83
61
7
42
97
45
17
75
8
32
7
32
92
50
35
15
5
26
4
88
15
45
33
15
4
39
61
87
3
87
78
46
97
15
61
46
1
81
56
89
52
82
97
99
60
20
18
4
54
97
25
53
45
1
0
89
88
87
88
8
90
97
82
84
78
34
80
39
3
32
75
88
34
43
87
54
87
19
50
89
84
97
92
81
90
92
54
49
39
76
80
32
25
42
74
78
96
21
83
44
97
0
3
19
5
5
7
17
50
80
50
1
34
20
21
25
32
61
92
61
88
52
52
78
18
5
43
4
4
81
7
81
78
92
49
92
43
32
54
45
52
83
81
0
50
90
25
88
60
3
80
82
46
35
34
96
15
21
53
7
53
54
91
92
90
61
17
83
54
76
46
83
8
42
19
87
0
32
7
54
19
74
4
45
96
18
97
49
76
42
44
4
32
45
52
45
25
7
80
34
84
34
0
87
0
4
80
8
90
44
56
25
92
43
96
50
39
96
3
8
4
0
60
81
35
46
8
17
32
60
56
81
79
45
53
83
34
83
1
18
9
32
5
76
82
76
90
35
34
53
45
35
1
7
76
96
9
15
44
49
84
35
34
82
21
4
53
35
5
95
5
87
0
96
25
21
60
82
56
49
17
76
45
78
42
25
49
15
44
34
87
80
95
18
18
96
92
89
79
18
92
78
78
97
21
96
79
42
92
0
88
54
96
43
83
83
81
49
56
32
17
42
1
96
97
78
87
15
80
15
5
43
15
52
89
83
89
17
90
90
44
60
74
1
96
82
21
9
49
46
18
5
53
0
46
54
95
9
88
20
97
0
18
80
54
82
42
83
87
9
89
50
97
21
5
4
20
76
97
3
52
80
81
45
46
88
45
83
49
74
21
79
18
50
0
88
39
15
76
92
78
89
32
45
50
81
74
39
74
95
75
34
18
3
80
17
83
25
9
17
9
79
0
8
84
89
96
42
52
88
1
8
97
56
15
43
80
43
25
97
75
0
46
49
87
19
61
97
39
21
96
25
7
32
7
21
82
0
50
3
92
9
56
56
42
5
1
17
84
82
74
45
74
4
45
90
95
82
80
82
80
0
19
75
54
50
87
60
9
43
7
60
49
46
25
39
46
42
44
35
17
17
97
1
53
83
43
82
3
19
32
92
83
35
96
0
75
52
53
44
18
8
76
5
3
42
78
97
34
81
88
96
46
42
56
49
39
4
97
74
35
35
50
15
92
96
74
43
15
19
1
9
61
95
53
75
3
34
49
82
5
56
18
96
15
74
75
42
0
45
60
5
80
17
56
79
56
8
7
35
44
92
39
81
44
8
74
97
43
74
5
49
35
32
78
49
74
92
76
34
79
54
76
76
4
92
90
82
8
17
9
56
53
1
78
87
61
92
49
20
5
45
9
60
79
74
92
56
39
8
46
52
20
7
8
88
0
61
76
32
88
88
82
45
53
39
17
35
17
15
89
19
18
43
79
80
42
78
84
43
60
79
5
34
17
1
81
97
95
21
35
81
17
75
20
34
39
80
97
19
32
18
60
74
76
4
0
46
4
76
56
92
35
45
46
34
20
25
0
95
9
76
35
88
49
32
8
7
43
96
32
83
39
0
17
0
5
76
46
74
4
97
44
75
74
95
1
74
4
9
87
75
90
87
0
89
60
3
44
35
32
74
54
56
61
0
43
4
0
82
4
18
53
34
46
81
15
50
87
39
95
83
97
89
96
79
52
74
92
5
1
21
83
42
45
44
75
39
46
20
76
50
46
92
79
35
92
39
25
75
0
92
95
44
15
43
46
78
21
1
19
46
84
97
89
76
96
61
79
4
96
79
45
46
79
8
88
0
46
9
50
84
4
90
19
49
50
50
3
42
20
34
89
60
43
