93
100
50.0
39
55
57
37
41
36
15
35
19
57
50
0
74
13
14
21
92
77
20
3
78
74
45
99
19
80
48
39
39
81
27
28
25
52
89
68
15
70
12
60
89
10
66
75
55
20
87
65
74
77
13
59
42
51
14
98
22
47
43
38
15
85
8
85
11
89
96
32
40
44
46
79
13
61
33
97
95
21
22
8
54
21
16
71
39
86
5
67
13
9
29
91
14
56
60
19
4
58
83
44
17
90
60
68
19
62
1
74
77
20
57
24
34
47
60
39
68
57
49
60
23
7
20
6
47
69
55
72
88
84
44
36
44
19
18
49
65
30
33
81
65
67
76
33
17
36
77
20
24
91
41
57
65
2
44
15
65
78
41
63
21
36
62
15
33
17
39
62
60
5
2
97
82
57
14
5
74
16
67
22
69
73
32
97
64
24
9
15
27
24
81
5
27
55
24
13
57
86
1
86
68
82
23
5
31
21
14
8
47
74
47
26
62
17
69
33
13
77
53
74
81
89
85
79
97
33
8
62
2
57
8
23
47
53
93
86
2
67
14
17
81
21
2
36
86
53
79
33
8
20
14
21
53
22
21
8
33
34
82
97
86
9
67
16
28
14
44
8
5
14
4
47
81
97
60
97
68
81
81
60
55
69
86
36
82
24
78
47
67
64
39
22
5
77
33
32
2
33
5
82
94
62
67
78
9
78
39
17
55
69
36
32
85
27
67
1
5
55
47
28
41
85
41
5
82
47
23
2
55
69
27
20
44
16
13
39
86
9
44
79
84
2
62
41
86
86
81
91
13
82
2
79
24
19
53
85
34
34
17
39
22
13
2
74
91
77
77
39
68
21
53
13
82
16
24
23
89
1
15
57
34
84
89
36
14
78
9
41
47
79
24
4
19
39
24
86
53
5
2
82
19
62
49
47
14
64
47
2
67
97
91
19
39
82
4
53
33
68
8
20
64
89
55
68
64
86
32
89
82
67
15
14
28
62
62
17
65
22
33
44
14
34
89
77
86
85
68
24
16
19
23
55
23
20
1
85
28
8
5
21
65
84
27
41
86
15
16
47
89
60
74
16
89
64
20
49
13
28
13
55
32
21
8
28
67
47
86
13
41
49
47
77
9
44
33
39
82
34
36
78
55
27
62
20
16
20
24
19
86
74
62
8
84
60
44
19
44
5
14
86
5
74
97
24
67
33
41
68
2
67
8
47
85
1
47
44
67
84
16
84
20
62
65
4
17
81
1
81
78
55
64
78
19
33
1
86
81
47
13
15
55
41
17
77
82
28
21
19
2
36
2
55
27
16
36
89
55
28
19
5
91
36
85
65
22
5
85
53
78
60
49
55
5
65
81
78
47
16
97
8
24
53
19
33
55
14
89
33
8
97
62
79
23
34
47
81
84
79
79
77
68
84
15
19
91
64
55
4
15
55
19
78
21
60
86
34
62
84
24
27
79
1
9
2
44
78
81
28
16
33
81
39
2
81
47
44
47
36
22
19
47
84
79
13
32
39
15
57
97
69
14
14
8
28
47
14
77
5
86
91
57
28
14
55
69
19
4
39
57
23
13
13
39
78
74
65
36
86
22
17
69
23
4
84
65
9
84
69
33
13
39
36
49
57
20
67
17
16
85
82
15
57
64
55
21
79
20
62
47
9
24
74
41
57
81
22
41
33
60
79
23
84
34
69
20
16
64
82
9
16
23
34
65
97
49
82
78
20
57
91
8
79
55
21
69
4
86
62
77
77
19
16
21
17
97
64
24
69
86
62
82
44
8
34
89
67
82
78
69
86
4
4
22
27
78
79
19
27
67
39
39
81
24
84
1
85
65
21
21
8
89
57
67
22
21
4
65
77
81
28
62
67
13
5
5
15
65
78
69
4
55
62
57
68
1
22
47
85
78
62
81
64
27
68
84
86
28
15
36
57
5
36
1
28
49
22
91
15
15
22
74
60
44
68
16
19
57
32
78
60
16
27
49
65
84
16
15
20
27
21
55
24
91
60
60
4
79
65
82
44
77
86
53
39
47
24
8
22
19
68
33
17
60
67
34
64
9
24
5
9
78
86
9
91
47
84
82
64
97
60
33
67
79
44
9
91
86
33
91
24
44
9
65
8
53
34
57
14
36
69
67
53
74
65
28
69
74
85
44
64
60
5
39
82
60
62
91
84
81
22
69
5
60
44
79
20
67
36
36
15
5
16
39
1
32
34
69
49
79
53
28
8
14
60
77
19
4
9
14
22
91
22
15
69
22
67
67
89
85
1
