23
100
50.0
15
97
3
37
67
16
6
66
96
73
37
50
25
87
47
2
79
48
65
15
30
85
76
69
72
42
39
34
35
19
97
80
88
45
36
22
11
8
36
23
84
53
21
37
86
87
68
13
27
82
9
14
13
30
92
7
79
13
26
69
37
71
44
62
74
12
51
0
28
59
95
30
24
56
22
44
37
89
18
75
41
83
11
93
78
28
43
98
91
61
18
29
58
94
81
91
27
38
7
28
91
49
38
62
22
14
17
51
69
35
25
59
27
51
36
59
36
69
18
60
59
97
14
69
63
92
13
7
7
51
40
92
32
66
22
32
75
33
7
63
36
51
59
88
89
37
32
12
13
74
37
27
97
20
90
32
27
32
76
59
90
1
69
90
18
46
13
36
50
10
92
25
37
79
90
79
75
74
75
75
18
57
37
64
18
28
74
71
62
27
59
74
38
74
28
5
27
50
59
62
75
90
97
46
60
60
60
4
4
44
69
75
51
90
69
52
71
88
22
7
14
46
50
18
32
27
90
54
27
22
25
92
55
7
80
63
31
89
4
70
70
93
50
36
11
35
89
60
4
14
88
88
12
75
7
37
32
11
32
61
76
79
51
75
44
46
76
14
69
7
70
35
35
52
74
4
90
45
50
91
89
88
14
36
77
4
51
43
37
75
28
45
75
70
18
22
38
93
4
17
99
61
89
32
11
44
91
11
79
97
60
80
43
90
50
70
27
5
12
28
4
51
44
7
27
7
45
15
92
51
60
12
52
55
37
60
15
66
60
80
14
11
52
7
17
43
51
32
15
63
37
76
61
30
90
28
38
44
7
28
87
52
66
37
62
18
80
71
63
36
25
43
74
79
69
51
61
28
28
79
63
46
45
90
18
80
61
12
14
51
91
71
46
71
12
32
18
74
15
45
37
15
62
4
28
30
74
74
27
43
74
88
5
44
51
71
92
74
89
71
7
32
51
63
97
5
93
66
97
59
46
28
59
11
79
59
4
91
76
18
28
5
74
45
18
13
11
66
32
17
91
55
15
63
92
70
69
28
46
69
38
89
55
50
76
45
60
60
69
88
13
18
14
93
61
11
14
55
4
60
5
7
18
30
52
63
79
69
59
7
59
70
38
60
55
11
61
88
80
43
60
18
30
32
75
27
50
70
35
36
61
22
11
52
70
89
91
12
59
18
7
90
12
74
18
27
36
79
27
36
87
62
92
4
13
59
18
4
87
63
76
88
4
12
35
4
80
11
44
74
18
25
5
30
87
66
45
74
12
80
11
59
69
37
27
45
88
59
62
63
52
44
36
89
91
27
91
91
50
76
30
15
76
71
55
89
37
27
55
89
62
7
35
61
37
52
36
7
22
97
93
51
5
28
97
28
5
66
28
43
17
55
66
13
11
5
76
63
12
22
36
5
52
27
37
18
93
89
17
74
71
88
61
14
91
52
52
50
80
89
74
25
13
66
90
70
97
52
36
61
80
32
79
46
66
87
27
90
52
60
38
71
38
50
46
50
32
15
25
25
37
76
22
14
89
66
38
66
25
69
37
46
62
59
45
63
46
66
17
63
60
45
44
60
66
46
70
43
13
89
30
12
60
51
28
25
63
97
36
11
22
30
44
66
80
35
36
51
45
14
66
45
91
69
32
59
18
51
97
80
22
15
70
55
69
61
17
22
46
71
87
69
88
5
7
43
27
38
69
52
52
35
38
52
18
80
88
35
43
5
90
17
71
76
28
66
76
5
4
52
35
61
66
45
45
74
13
11
75
37
12
44
97
15
43
28
61
32
7
59
5
93
36
5
91
35
15
15
37
28
55
52
55
66
13
60
55
97
61
35
11
69
27
66
5
17
75
88
12
76
80
27
80
63
87
17
52
12
14
18
12
59
32
52
90
12
30
13
27
91
70
28
11
7
37
59
90
89
90
14
35
59
38
97
66
11
25
32
91
27
63
43
50
93
55
7
44
97
90
66
90
46
36
44
74
79
5
90
50
90
70
43
70
51
17
30
79
46
60
74
55
46
18
7
63
22
76
71
12
14
44
36
46
17
91
60
74
35
28
71
35
91
46
32
66
71
46
52
44
15
37
32
61
18
12
17
75
30
71
74
89
17
43
93
70
60
63
55
35
63
25
91
89
14
44
66
36
27
62
11
13
59
46
63
15
25
46
18
7
60
11
44
46
66
22
91
45
11
7
91
36
38
28
76
92
38
35
22
51
79
35
43
71
52
91
32
66
32
87
4
28
44
52
80
30
55
30
37
45
89
