17
100
50.0
0
90
6
36
18
32
61
39
62
13
76
30
59
64
40
18
30
43
23
94
86
18
72
61
79
68
0
26
31
37
25
11
52
15
93
2
45
42
3
75
64
74
91
4
78
26
69
48
34
64
99
8
2
10
60
19
87
52
24
76
52
42
16
2
91
97
10
98
8
1
26
22
89
46
35
55
78
46
17
19
70
7
85
61
44
76
26
33
30
1
88
26
17
61
5
21
78
18
86
29
0
61
77
46
81
55
52
41
77
14
19
51
1
9
83
7
57
75
17
92
0
54
96
26
2
1
84
80
33
62
55
77
7
61
24
50
71
75
82
27
78
52
12
96
26
0
38
96
66
58
92
9
53
19
63
56
56
80
8
61
74
73
19
61
8
67
93
27
8
64
30
38
60
67
55
93
76
61
77
27
83
20
18
51
82
56
47
2
32
28
89
78
27
80
96
18
9
62
64
32
17
46
42
76
8
74
52
10
32
74
9
65
63
33
89
51
17
27
69
19
82
19
52
42
69
56
63
24
63
46
1
2
92
1
89
62
10
24
88
46
7
64
74
65
10
32
96
46
93
27
51
9
27
82
7
78
92
24
60
77
0
52
47
56
88
2
88
77
27
42
93
69
76
76
10
56
27
96
17
78
88
16
69
76
2
17
17
62
1
18
30
62
86
55
74
24
26
49
76
24
8
82
83
10
2
38
88
27
16
63
16
49
69
59
60
46
38
56
2
38
0
33
27
51
56
51
78
49
93
93
24
19
83
32
96
26
30
42
95
83
47
76
64
60
47
75
2
91
2
1
10
83
92
17
67
62
17
91
42
78
63
47
88
75
89
49
67
74
1
8
86
42
59
1
17
46
80
63
0
32
24
80
69
24
33
47
69
10
52
52
60
82
52
74
74
32
30
33
96
18
67
24
83
16
78
33
0
46
59
86
38
80
2
17
26
17
32
64
38
83
7
24
9
86
78
10
55
78
76
47
10
77
38
24
89
2
10
67
30
10
46
59
16
9
86
91
46
83
63
78
0
26
96
49
30
92
89
17
69
0
78
42
89
69
55
55
64
61
16
17
74
80
1
46
61
56
16
88
56
86
64
8
80
96
30
63
18
47
61
83
0
47
64
26
26
62
56
89
16
62
49
26
24
88
1
80
1
52
38
78
77
52
88
60
61
42
56
18
69
0
32
65
18
67
61
0
62
24
75
89
17
10
93
33
10
30
24
65
42
64
8
32
69
92
64
63
59
51
96
1
46
92
77
65
91
96
76
93
62
55
1
78
59
67
93
7
33
69
64
17
26
10
19
46
89
42
88
16
30
67
1
64
10
9
24
77
0
89
24
10
96
91
80
33
86
46
61
93
86
88
27
67
93
7
76
61
49
52
59
47
52
67
7
0
59
46
78
9
24
47
67
64
26
59
62
56
10
55
49
47
8
75
18
47
1
49
64
30
62
52
49
55
62
16
27
52
80
88
60
69
27
16
63
76
46
18
30
67
89
82
86
51
24
0
65
49
52
33
82
96
2
93
88
9
93
86
1
69
60
46
18
9
82
61
19
59
9
16
89
78
65
52
61
92
65
67
62
65
88
51
60
18
1
80
89
30
10
2
16
75
52
33
86
67
33
18
56
30
67
19
32
7
77
0
51
49
92
78
67
67
52
42
7
9
69
51
67
38
24
63
62
26
76
0
33
64
69
7
78
93
38
8
61
27
82
30
67
32
0
80
92
88
42
69
30
17
88
46
38
24
89
78
89
61
74
1
69
69
10
77
51
1
8
52
55
17
49
1
19
51
77
2
86
75
83
47
83
83
27
78
59
49
8
26
75
16
32
26
69
60
26
55
89
63
93
0
93
96
10
42
76
67
52
51
56
16
65
49
78
27
82
62
55
38
80
83
75
38
0
91
78
63
33
83
38
18
17
77
55
9
63
77
9
74
51
75
24
47
18
17
1
93
80
51
96
63
46
61
91
59
89
92
61
7
82
19
32
0
17
0
7
46
26
49
2
2
27
69
0
77
55
60
0
91
30
65
59
92
8
89
30
83
74
2
24
47
17
16
80
27
26
64
78
82
96
91
1
89
77
55
24
30
77
92
51
10
65
78
96
8
27
30
86
17
0
63
47
16
64
16
24
59
8
86
7
55
74
77
78
56
10
67
49
1
76
77
67
32
69
38
2
86
88
17
59
49
9
7
46
30
1
0
56
10
10
9
49
42
80
55
2
42
76
77
80
55
89
86
1
89
2
2
61
78
16
69
96
61
46
18
