62
100
50.0
9
81
93
52
38
74
19
13
92
76
79
86
80
35
26
43
12
82
59
45
86
25
96
50
87
79
89
95
72
98
10
85
15
78
92
18
95
93
75
0
97
83
79
58
93
24
75
47
67
61
11
56
7
99
48
34
68
34
33
4
14
90
93
69
17
6
17
63
46
49
35
51
60
39
57
62
42
2
81
36
31
40
90
40
23
95
20
4
1
64
32
77
31
46
76
1
27
98
47
22
53
15
83
94
49
69
4
66
91
54
46
75
5
2
90
8
99
49
13
70
2
5
53
33
84
49
95
34
91
53
81
35
37
47
69
64
84
91
81
13
15
53
34
83
46
56
4
16
14
34
41
47
44
41
49
73
83
92
13
60
31
57
75
76
46
57
15
83
98
92
56
34
99
17
80
49
99
57
90
28
40
81
14
92
33
53
92
33
71
2
55
84
81
56
30
64
60
41
95
90
60
78
65
84
56
75
29
34
79
90
98
55
88
99
78
2
84
34
60
81
21
69
75
53
35
73
1
57
92
13
47
15
81
34
60
64
57
40
75
49
33
81
93
98
46
79
71
14
55
34
79
5
28
93
81
80
55
80
83
53
34
20
79
31
41
60
21
76
4
15
86
55
30
60
29
33
69
81
41
90
78
1
20
29
78
64
98
60
80
86
46
47
73
60
15
80
40
31
47
47
1
55
33
90
14
99
55
91
33
47
5
35
40
41
80
30
81
80
14
13
93
76
56
60
34
32
78
13
14
49
75
30
49
81
95
47
15
34
86
40
75
30
64
83
78
76
86
3
75
47
56
1
76
79
2
79
27
13
13
84
27
84
49
98
13
78
75
99
31
91
27
93
95
34
30
71
8
93
34
29
31
55
30
21
55
29
80
81
8
40
76
29
79
29
69
99
80
73
55
84
95
86
41
98
55
4
90
91
57
69
17
31
99
55
31
95
98
53
60
80
29
73
21
75
8
8
17
20
49
1
86
55
49
15
83
28
1
75
17
91
80
27
4
34
95
1
46
21
15
71
30
32
46
33
84
40
64
33
69
20
92
93
41
21
69
27
76
80
34
75
40
46
90
73
32
75
32
91
29
80
31
99
4
81
31
53
80
8
55
41
49
41
13
78
35
34
14
13
17
49
34
8
53
91
76
91
86
76
81
71
17
35
86
15
75
99
15
20
41
1
98
55
55
40
33
98
91
98
47
78
60
41
21
95
47
33
17
83
15
5
27
34
93
60
53
34
13
53
31
73
46
95
8
78
13
20
84
64
78
78
83
55
47
56
90
27
30
57
56
75
81
75
40
53
17
95
15
15
86
20
1
30
56
92
91
35
57
47
55
90
91
33
13
81
2
21
86
49
20
49
13
80
99
1
53
81
69
81
28
4
46
27
15
99
53
35
17
95
21
55
21
71
71
81
15
71
64
35
17
84
98
75
53
28
90
75
28
99
47
60
73
2
47
31
56
4
57
91
95
64
5
78
83
8
57
40
53
17
14
30
33
78
76
71
81
2
32
83
81
90
86
99
60
17
78
29
86
64
91
40
32
79
69
71
31
1
4
79
76
84
76
78
27
28
92
99
8
86
73
4
8
35
27
13
71
15
99
32
29
47
20
75
21
27
30
47
84
95
28
41
2
40
31
99
81
14
21
76
93
46
69
41
64
33
60
47
60
17
14
78
84
71
75
40
55
47
17
35
30
41
30
81
95
57
92
28
55
56
79
29
2
84
99
95
78
33
21
64
53
34
86
28
35
28
75
56
86
75
31
1
79
71
31
91
60
92
1
21
76
64
78
98
84
46
5
2
57
93
90
15
90
76
75
8
90
80
92
41
31
75
29
78
33
81
28
79
90
28
64
53
29
79
98
80
35
47
76
40
78
4
13
30
49
2
8
47
28
41
28
69
29
57
69
56
91
14
64
41
49
92
79
53
98
15
91
71
46
57
99
30
29
55
35
76
93
5
86
75
69
80
60
46
32
90
29
78
4
76
46
57
57
1
27
53
55
98
49
90
78
35
75
30
60
40
55
27
60
30
91
81
8
15
4
17
32
33
14
30
17
28
76
71
47
95
93
86
98
90
86
28
90
64
33
93
33
20
2
83
71
81
35
92
2
21
98
64
79
14
84
1
79
41
78
46
32
5
5
8
30
98
80
98
27
29
98
2
40
55
71
78
99
34
69
35
49
15
47
86
95
2
86
21
83
86
93
33
71
83
56
4
64
92
14
91
35
35
75
1
99
81
64
30
79
34
33
91
76
83
31
76
