81
100
50.0
44
95
70
13
93
91
68
75
51
17
98
41
37
3
86
62
49
59
63
29
36
35
26
29
67
68
32
28
38
47
47
63
63
40
52
33
28
55
90
96
94
61
53
97
39
65
75
78
67
97
76
83
66
17
1
50
48
5
58
34
48
82
0
90
30
69
64
81
57
75
83
99
17
17
48
26
57
79
89
64
29
77
15
17
88
92
19
91
5
9
89
63
74
25
56
21
84
90
97
4
17
42
60
11
28
16
85
64
85
73
21
21
97
36
31
48
89
55
75
88
17
51
23
12
15
48
88
8
97
27
77
91
20
80
22
24
55
91
53
46
88
13
10
6
63
2
54
66
17
68
53
19
64
72
71
67
2
5
68
64
63
28
68
5
38
43
97
75
27
54
67
57
54
64
84
51
29
57
85
28
87
54
84
64
45
64
17
14
55
68
15
43
18
29
7
85
60
90
36
10
96
21
43
53
24
10
29
90
27
88
68
90
62
28
81
11
91
11
60
0
57
77
24
68
78
14
55
85
18
90
97
53
96
62
11
26
57
88
0
84
38
38
54
55
78
19
83
55
89
88
66
85
18
97
73
38
21
75
68
27
53
47
64
85
63
97
5
60
47
17
45
84
77
84
18
54
85
28
13
48
97
43
56
21
54
62
57
26
78
83
53
96
14
5
19
15
51
29
28
36
53
77
96
18
29
84
68
48
88
21
89
21
96
55
81
11
83
51
26
17
83
19
84
84
27
88
81
53
17
66
60
21
66
90
90
96
90
67
57
96
10
85
27
47
26
81
29
78
57
18
14
89
48
45
84
43
17
36
97
57
24
11
29
5
77
45
47
55
43
64
13
54
88
66
13
62
90
48
88
28
57
60
88
43
91
63
11
19
90
83
43
38
62
53
73
75
13
67
78
29
29
63
84
51
90
26
84
63
88
64
17
19
18
57
91
38
38
18
48
28
62
97
11
91
54
47
91
67
48
90
24
62
73
51
54
27
26
55
15
75
78
45
78
24
54
24
73
47
29
81
97
24
88
36
2
90
11
84
26
13
45
53
81
57
84
53
26
2
13
66
60
17
97
97
66
73
91
26
68
15
43
78
73
89
66
27
89
85
10
57
67
97
73
38
5
43
53
18
78
53
53
2
26
19
29
96
15
43
5
73
75
88
83
21
84
10
38
19
81
51
96
89
90
47
63
24
83
28
29
85
28
29
64
51
91
26
17
55
28
11
43
48
54
97
54
57
89
26
14
21
96
88
84
2
14
97
0
27
26
75
47
43
45
47
56
78
21
17
54
18
54
77
89
68
83
83
62
10
63
77
10
97
27
77
17
67
78
43
45
66
60
26
85
90
97
15
43
67
38
55
62
53
51
14
28
55
0
54
88
75
36
78
24
83
10
47
83
66
28
75
10
56
75
19
60
54
51
17
48
45
96
53
67
15
28
38
89
85
29
21
68
75
83
24
36
26
51
0
57
64
38
36
15
81
77
63
85
84
2
96
88
67
19
97
64
89
28
51
24
51
91
67
45
73
47
2
62
28
68
38
19
77
64
81
73
96
96
77
73
43
68
90
29
36
2
77
73
57
11
97
24
62
28
62
24
66
54
64
75
88
60
14
57
66
75
73
64
78
38
73
55
26
24
28
64
64
90
11
43
0
55
48
19
2
29
84
28
36
48
11
26
28
90
64
24
47
14
27
26
67
91
36
11
0
17
60
73
89
13
5
62
36
5
27
64
38
29
29
88
28
27
19
18
84
89
57
56
63
77
36
67
21
24
43
81
83
68
38
27
51
29
83
43
75
26
11
73
78
78
21
54
29
29
56
43
24
5
29
27
57
91
15
90
48
48
48
5
38
17
78
85
57
97
60
89
68
2
38
36
15
56
91
63
28
90
89
81
88
84
26
29
51
75
56
53
62
73
55
84
62
0
53
29
48
53
89
64
47
56
47
89
77
17
0
43
53
26
75
85
2
27
21
96
21
13
56
97
29
84
15
62
62
13
91
62
88
56
68
21
10
88
24
2
51
29
68
14
27
38
18
53
18
56
67
10
64
45
24
48
28
84
97
17
63
24
81
43
45
84
2
62
28
55
85
29
0
85
47
64
60
57
27
67
97
17
26
45
26
13
88
24
5
53
68
66
24
10
66
24
17
21
38
73
11
91
19
21
89
18
89
26
38
26
55
67
38
54
73
24
51
88
83
64
56
43
97
5
15
97
64
14
15
77
24
96
53
14
97
73
64
68
15
28
26
24
66
78
28
26
0
