49
100
50.0
29
34
82
16
98
36
48
70
6
7
12
1
88
49
85
73
20
84
83
26
49
40
38
89
47
92
53
29
33
15
31
51
76
11
41
71
28
42
29
25
56
4
64
29
77
61
78
66
29
17
77
21
11
3
43
95
49
2
9
54
35
53
70
24
93
3
55
37
96
85
12
65
38
91
13
91
68
97
22
11
98
4
72
14
10
98
57
15
1
65
32
94
38
16
50
72
28
87
67
15
29
36
99
56
52
78
60
27
4
44
91
72
44
1
90
55
88
59
15
1
16
55
45
11
50
58
0
44
50
81
86
61
77
52
29
8
81
30
0
12
26
80
11
4
61
18
81
19
69
69
91
38
55
98
50
39
59
63
23
50
52
30
30
61
38
28
49
81
28
45
36
85
88
53
29
75
69
11
21
55
61
78
6
29
4
56
6
56
46
30
21
80
19
53
22
65
63
44
21
19
74
62
28
3
98
23
72
16
62
44
0
30
79
18
4
59
88
22
21
22
38
90
16
62
91
1
0
44
52
85
81
4
56
11
98
74
11
81
30
88
79
22
38
29
49
46
4
78
70
52
4
53
22
90
62
69
62
19
0
36
50
75
29
30
81
44
61
14
61
79
78
78
21
15
50
49
53
19
21
91
62
11
70
46
80
38
69
72
30
6
4
45
80
52
74
16
75
77
19
49
56
11
22
55
91
79
77
49
11
80
63
65
79
21
62
72
12
70
63
81
88
36
15
0
14
53
28
12
23
22
28
52
80
3
36
53
72
53
52
0
70
16
4
12
81
45
30
38
81
21
23
18
49
80
38
44
61
15
44
53
5
36
69
49
85
70
77
30
29
78
3
91
29
6
3
53
4
72
50
70
50
21
75
23
15
12
4
72
1
61
53
61
45
77
98
59
18
91
91
62
81
44
79
75
16
28
59
55
18
50
29
80
98
80
23
14
19
18
78
59
38
80
44
28
63
75
6
77
61
52
22
80
14
72
14
26
70
65
98
80
18
61
0
15
59
3
98
98
44
88
1
16
69
63
88
46
4
56
62
15
23
80
52
50
53
45
38
56
28
6
23
85
1
91
52
79
29
88
36
23
70
52
61
12
77
52
28
49
14
26
18
44
74
59
4
88
45
77
55
11
63
70
75
70
11
29
98
12
44
85
29
4
11
30
18
22
98
16
69
72
38
38
77
19
11
85
69
3
55
36
55
55
55
28
72
44
28
70
90
98
88
56
46
23
21
69
98
36
79
6
79
14
38
11
28
29
85
45
88
1
63
28
46
78
88
28
98
50
98
98
55
0
44
69
72
63
45
4
70
98
91
15
21
63
23
98
72
81
19
81
81
30
78
11
79
75
55
36
38
77
63
38
72
19
77
1
38
44
98
26
74
56
69
26
4
88
53
55
3
6
63
49
65
53
29
49
85
15
72
6
11
85
22
63
36
78
15
44
28
19
69
59
11
4
45
79
18
90
18
75
56
85
90
78
23
14
61
62
85
4
16
90
38
59
90
36
44
78
15
61
53
50
65
3
26
59
74
70
46
59
77
46
85
62
70
50
3
12
56
78
29
23
77
21
50
45
62
91
88
63
72
61
90
44
55
65
88
77
21
19
11
75
45
21
50
91
36
29
90
61
18
29
88
11
19
62
36
11
21
69
80
11
78
18
77
29
70
90
55
28
45
30
49
72
50
69
63
21
45
91
70
69
61
50
1
69
78
74
1
19
61
65
91
38
4
44
45
21
75
81
30
65
69
19
21
44
19
77
59
21
91
56
69
49
53
85
98
75
53
74
0
14
30
91
36
91
98
22
23
90
16
23
46
90
65
90
59
81
69
30
65
18
77
28
98
63
18
70
26
65
1
79
91
72
30
1
44
53
45
90
74
72
46
72
49
30
38
78
16
91
49
44
22
30
91
55
69
59
80
23
28
16
78
26
0
75
88
90
28
30
62
38
45
72
72
16
0
56
26
80
77
88
77
3
56
16
49
80
55
30
77
11
75
69
98
50
11
11
12
55
63
80
15
79
21
75
55
26
88
79
15
61
26
65
62
23
44
69
22
29
38
26
55
52
62
72
11
50
81
1
11
78
75
63
59
56
4
90
1
49
49
49
6
1
18
46
22
11
63
75
72
65
22
38
90
28
53
4
21
91
77
72
23
36
18
81
30
75
74
1
98
45
28
63
49
88
56
81
91
38
63
49
49
63
59
1
0
75
23
14
56
11
70
46
12
55
12
69
21
15
28
1
77
56
78
45
78
16
12
49
