30
100
50.0
90
75
92
71
26
96
97
6
12
94
17
68
32
79
84
27
38
30
35
88
91
54
79
39
29
28
43
41
3
46
17
78
53
46
98
37
24
80
55
14
24
76
67
40
66
28
44
33
6
10
83
74
1
64
71
47
73
46
85
2
0
16
12
25
22
6
0
35
82
85
13
81
38
88
85
36
95
86
86
5
46
17
66
39
46
31
57
2
48
63
60
19
5
47
0
44
85
89
30
71
87
9
28
2
23
46
2
28
7
98
64
6
79
73
10
66
38
46
74
77
24
59
58
98
42
80
63
81
47
81
30
13
49
95
4
70
74
34
89
99
46
12
45
69
23
89
66
17
53
9
95
20
89
8
31
93
5
39
66
11
78
95
45
81
72
77
18
56
81
61
23
12
35
81
31
77
28
69
7
61
17
85
81
46
64
38
69
71
81
12
85
80
79
86
47
39
69
81
32
17
31
88
31
50
47
32
74
71
6
45
21
10
38
70
2
7
5
2
81
5
10
70
71
95
9
72
3
74
77
39
63
2
86
47
95
3
78
78
21
30
3
69
30
9
24
38
66
12
2
95
95
9
24
12
9
86
79
3
35
2
88
2
9
44
71
62
66
2
51
15
23
44
24
66
81
32
52
6
86
13
98
7
86
85
65
72
28
81
3
78
61
62
35
13
24
74
23
44
17
72
47
9
32
86
32
39
31
48
74
39
10
88
39
6
70
32
21
61
78
79
47
98
5
6
23
7
39
62
3
45
88
47
70
52
78
12
32
30
13
74
64
21
72
79
9
85
79
52
31
0
62
24
73
13
28
31
66
5
86
9
69
85
38
74
47
69
12
10
81
62
24
31
24
10
53
30
17
81
30
13
52
32
88
89
72
88
35
86
70
77
24
28
88
95
61
2
70
39
78
3
38
69
52
39
81
9
98
3
79
98
89
3
66
71
72
45
80
73
10
45
3
21
5
89
48
48
70
69
63
89
10
30
35
89
35
70
61
28
66
73
17
72
31
48
5
7
73
7
47
95
28
3
17
0
31
71
64
7
88
23
62
62
47
52
71
64
30
95
35
23
95
38
53
95
62
73
35
17
66
71
9
9
23
72
10
61
28
77
23
78
63
74
3
21
6
88
12
6
35
9
81
0
48
47
69
66
52
24
30
13
79
78
71
52
48
24
77
86
17
10
12
52
95
30
0
23
52
38
80
45
77
86
71
10
80
72
6
62
80
80
86
70
72
88
24
63
63
3
61
7
62
81
3
13
86
35
80
3
98
17
73
98
6
63
71
5
38
77
95
10
21
5
81
53
38
24
88
3
17
21
35
10
63
23
66
78
17
23
39
38
78
24
35
10
0
23
88
5
61
3
31
7
32
86
10
53
69
61
13
88
30
85
5
81
44
23
74
80
31
3
17
39
73
62
98
73
89
64
89
6
5
45
45
28
23
7
10
23
89
21
63
45
63
13
73
98
62
6
95
35
72
81
39
85
81
73
70
17
10
73
88
38
6
79
78
89
28
44
45
7
72
35
69
73
24
46
70
72
77
17
86
81
48
81
12
39
10
6
32
21
10
71
80
9
70
79
10
66
0
73
0
0
64
64
32
45
47
31
2
7
12
71
48
3
52
85
48
86
46
95
95
13
63
17
28
39
46
81
35
7
9
77
85
28
80
79
13
66
7
74
2
9
61
73
66
23
98
0
63
53
73
32
81
78
35
31
88
46
78
63
23
23
17
38
13
72
21
53
44
3
13
63
47
85
74
74
21
71
71
88
9
86
24
35
30
63
63
31
23
7
85
31
69
86
38
85
2
85
44
72
30
7
10
73
72
95
69
86
80
77
95
12
44
80
70
3
86
24
53
2
38
12
47
3
88
13
24
23
85
44
9
38
35
32
70
78
66
47
2
39
62
23
77
81
85
74
9
13
52
77
53
53
6
66
73
30
31
39
72
6
39
28
13
46
17
21
2
3
6
74
44
0
78
32
38
77
39
23
88
61
46
45
80
32
46
44
13
31
6
0
10
66
81
52
21
47
28
46
95
52
79
21
28
89
5
9
38
95
7
7
79
78
46
28
44
13
80
98
38
71
85
9
24
12
69
45
24
5
78
28
32
3
46
53
39
47
3
64
30
32
47
13
85
66
39
48
31
48
73
7
32
39
32
98
78
30
98
74
44
79
88
39
32
2
74
98
79
80
17
46
28
30
12
30
74
62
79
53
46
71
64
52
13
66
71
79
98
62
63
72
71
2
35
98
23
6
6
21
31
79
