26
100
50.0
0
91
33
87
30
55
64
67
33
53
8
92
85
47
11
57
20
49
79
53
76
43
23
0
84
34
65
82
63
18
4
27
83
87
7
71
16
39
25
42
92
72
59
17
14
69
9
19
56
5
10
8
53
62
1
99
27
1
94
37
83
41
38
35
49
36
15
50
74
90
62
86
20
12
53
28
79
57
87
29
14
16
54
4
48
54
31
87
97
70
8
93
40
6
1
26
96
82
26
24
54
32
66
4
50
93
21
50
87
14
98
20
62
46
10
80
88
71
0
72
60
66
12
52
58
77
71
30
53
72
14
66
62
61
79
16
66
93
66
73
75
25
82
50
8
29
4
8
8
24
22
45
8
57
80
96
87
83
80
68
64
14
66
87
89
4
20
61
93
61
10
57
64
18
81
36
2
33
80
96
1
92
20
29
16
36
44
71
0
2
50
68
26
54
3
19
79
72
61
57
16
68
53
62
77
80
48
72
25
78
82
53
60
83
95
40
24
26
19
48
82
72
16
48
48
29
13
60
49
77
61
10
62
12
61
58
61
57
50
49
0
66
27
96
27
72
12
92
16
53
95
52
2
2
87
83
77
8
54
77
54
29
48
93
95
79
82
49
96
4
96
92
51
72
19
80
58
80
19
36
60
77
61
30
27
16
40
60
78
0
78
93
92
95
78
33
25
80
40
8
52
58
54
53
58
27
68
79
33
48
30
78
71
79
93
18
72
13
64
57
71
50
54
49
25
13
25
77
68
16
24
77
93
48
77
40
33
72
30
24
12
79
95
57
48
64
57
2
50
30
53
68
16
78
53
80
77
24
36
78
40
83
53
52
77
2
14
2
2
20
12
4
29
4
79
83
29
53
78
79
33
79
36
61
18
92
25
0
96
14
18
49
61
71
64
50
16
83
26
58
4
82
60
40
52
18
20
51
80
54
64
14
60
4
40
71
52
54
51
1
10
92
60
2
57
19
13
57
27
18
58
54
25
72
50
33
8
20
53
83
77
62
96
77
78
25
83
33
19
50
26
72
71
68
26
49
77
26
36
87
4
24
66
19
93
14
78
92
10
57
93
49
27
33
80
58
96
13
78
40
57
77
66
33
72
95
48
0
66
8
95
72
48
19
58
24
66
51
24
52
93
1
4
12
79
33
26
30
1
66
4
80
95
1
30
50
51
58
95
54
26
72
24
8
58
95
72
29
64
0
18
68
95
1
48
29
2
26
82
16
8
93
71
68
77
27
4
33
30
14
61
71
49
61
87
8
83
4
16
49
40
13
58
96
25
26
4
53
87
64
60
58
10
92
64
18
80
14
1
49
14
68
51
71
52
27
29
1
92
95
58
18
66
77
29
13
14
4
87
61
27
62
0
58
0
14
30
83
82
71
82
26
18
26
40
10
62
80
60
58
95
49
51
8
53
92
49
83
4
71
36
58
93
66
68
33
79
40
87
48
8
66
62
18
54
16
53
49
58
13
58
68
96
12
8
78
30
61
19
78
27
95
64
0
48
62
72
83
0
68
51
51
49
66
24
49
40
58
78
72
53
50
93
51
30
78
18
13
95
54
0
87
95
96
78
61
40
30
13
82
33
10
61
27
25
78
0
60
0
50
82
10
27
95
4
29
58
66
96
66
82
64
95
87
16
68
2
58
53
83
33
66
50
92
8
29
49
58
30
95
26
80
57
64
27
83
71
58
52
57
16
26
64
33
19
78
54
93
20
16
95
36
48
61
78
50
50
57
62
82
51
2
33
53
93
52
14
48
53
30
87
72
10
48
82
16
20
33
66
25
54
95
54
8
0
13
27
51
61
68
1
33
52
29
79
36
52
30
30
77
26
78
80
1
57
25
26
13
24
83
82
96
25
40
18
12
26
78
18
77
78
4
13
68
49
87
19
52
62
25
66
72
66
62
16
50
87
95
92
62
18
18
20
25
0
48
12
10
4
95
20
66
52
71
40
79
66
1
27
87
78
96
87
93
29
18
12
29
49
54
95
13
40
40
19
62
1
61
25
18
68
71
82
49
77
78
24
29
12
60
96
58
58
18
27
36
40
93
12
24
78
10
93
78
66
24
26
77
14
49
80
29
33
72
62
0
18
52
95
49
27
25
0
68
79
36
50
54
10
19
71
12
79
66
77
48
78
18
13
95
77
54
18
40
40
50
53
1
54
54
51
80
30
18
57
13
19
80
54
51
71
64
26
50
4
30
79
26
92
2
20
71
53
4
33
52
71
53
92
19
52
10
62
93
60
0
14
12
18
61
