28
100
50.0
93
13
76
60
33
27
84
62
78
8
91
1
34
4
6
52
51
59
71
13
94
77
38
0
63
46
23
69
44
28
18
59
76
30
92
55
66
97
42
41
30
43
1
92
72
60
9
36
13
87
92
77
51
22
29
49
37
98
57
76
24
2
16
51
85
38
51
67
92
16
51
68
56
51
14
45
19
89
48
63
39
99
81
58
21
10
54
2
71
53
95
17
38
86
48
83
40
58
17
32
71
95
11
43
46
12
63
71
93
56
26
69
23
64
48
35
46
25
82
30
40
17
7
35
74
2
90
77
75
59
60
24
2
52
17
58
23
60
25
54
51
0
20
35
63
47
35
48
17
71
91
74
28
56
28
92
38
56
99
11
56
93
15
43
3
43
15
40
18
70
18
52
15
30
2
23
43
80
82
79
93
93
2
43
35
30
23
88
20
2
99
48
0
74
90
25
61
71
25
65
71
38
70
76
63
52
56
24
69
93
70
77
69
13
46
30
73
54
28
23
60
30
58
87
52
15
25
51
59
71
37
99
54
58
54
2
79
1
0
99
38
77
99
54
54
11
16
41
58
50
82
58
2
76
46
31
90
92
40
5
70
65
37
71
15
92
5
52
18
56
41
13
13
96
2
0
71
58
69
13
46
92
40
20
35
82
90
48
70
23
65
71
74
91
73
23
38
13
91
60
13
91
73
0
43
0
13
1
77
46
13
35
52
16
76
95
52
74
35
41
20
16
61
30
35
69
71
24
69
13
92
0
20
15
15
17
43
35
93
90
54
56
30
16
35
51
48
35
95
77
73
56
73
18
15
56
82
11
16
11
91
79
65
59
91
56
16
41
60
30
77
51
63
99
82
60
77
65
51
46
1
93
63
0
56
13
79
41
16
90
41
43
18
15
18
41
54
43
30
70
18
16
60
52
56
15
76
15
23
13
58
74
92
73
17
40
58
38
76
41
91
92
73
87
74
43
56
74
65
2
30
35
52
56
30
82
18
77
91
65
48
20
93
17
2
95
17
48
23
15
61
5
82
63
52
11
99
77
73
63
93
1
2
69
79
52
99
2
56
87
35
35
30
56
11
28
73
65
16
17
11
23
92
52
2
1
77
65
16
23
54
65
79
1
61
82
74
69
5
16
0
69
40
58
41
38
91
61
20
92
59
91
24
35
17
13
87
74
70
69
23
15
0
77
91
92
46
65
2
48
90
2
60
63
5
70
24
70
0
73
35
46
35
76
41
77
40
91
38
46
82
52
65
70
35
71
28
92
24
92
91
2
74
63
87
61
74
51
25
69
61
60
70
87
82
15
48
20
48
58
16
16
70
60
79
92
40
16
24
5
37
20
92
92
41
77
48
41
51
1
65
69
24
0
51
15
77
30
92
56
0
18
11
25
76
25
28
38
28
23
35
11
61
18
95
24
43
24
77
16
37
2
43
28
69
87
73
25
5
76
92
70
91
58
59
61
16
73
37
23
95
54
63
74
56
43
71
20
90
70
60
13
65
71
30
61
40
16
95
0
17
82
15
99
38
48
73
59
40
51
60
82
30
52
51
18
99
52
46
23
65
5
16
18
20
56
38
60
63
95
54
11
63
63
58
95
60
28
37
58
5
24
99
23
52
77
87
30
82
76
59
92
16
74
1
17
40
24
51
95
52
58
16
20
63
2
48
87
70
77
5
91
2
77
46
46
17
24
54
65
11
46
40
23
60
71
56
0
11
90
2
71
92
28
95
54
1
91
59
61
20
63
5
61
11
35
17
52
69
69
69
79
71
15
40
37
38
54
37
77
17
48
54
15
70
65
73
90
16
17
23
95
48
90
40
38
20
60
65
52
90
71
58
0
70
90
18
30
30
90
93
60
18
20
24
46
0
38
1
38
48
30
99
65
92
41
13
5
71
56
35
63
18
28
43
40
28
2
74
52
56
40
38
43
18
59
69
2
46
56
69
30
37
91
37
93
30
24
60
18
24
95
79
35
74
13
24
54
41
59
59
24
73
74
41
20
17
73
90
15
95
87
46
52
40
20
74
35
58
24
63
48
90
82
58
5
65
82
2
56
51
18
2
24
69
77
43
30
20
90
37
40
40
90
93
25
1
99
61
24
58
79
59
5
40
37
13
28
0
77
63
99
35
28
24
25
90
79
73
23
69
99
56
79
28
25
17
28
52
95
69
95
99
71
90
76
60
35
52
52
79
99
18
48
11
99
91
2
48
77
65
90
24
70
54
1
95
5
38
30
23
46
99
58
65
15
40
76
40
70
