48
100
50.0
94
19
3
9
82
63
49
5
79
85
75
10
11
23
50
95
77
73
34
8
95
85
68
34
62
45
80
39
76
17
96
23
74
42
31
87
44
31
27
31
53
23
6
88
99
69
97
71
47
78
16
45
82
92
81
17
69
68
91
78
44
69
66
95
4
64
48
40
91
30
56
83
14
79
84
20
29
79
46
17
90
59
18
89
29
43
78
13
16
59
52
35
41
55
2
1
34
23
32
33
62
54
25
62
22
95
62
16
65
28
59
67
70
59
91
23
7
18
69
2
62
78
72
15
1
23
74
37
1
57
41
83
34
0
47
25
5
54
40
93
82
1
78
54
2
58
90
24
83
93
84
68
54
74
1
88
95
47
5
11
82
24
62
40
34
23
23
54
51
60
69
71
58
12
6
93
85
3
29
2
68
60
86
11
40
68
40
65
52
52
82
45
44
26
68
52
40
68
25
36
88
83
21
69
14
91
11
59
38
95
11
2
79
54
95
40
90
65
20
60
82
71
58
11
71
65
61
91
98
88
86
16
5
18
54
17
69
79
83
3
29
24
89
24
60
58
95
78
93
11
74
86
47
68
68
1
44
89
83
60
79
41
59
79
59
14
95
68
89
14
95
59
83
75
59
62
84
18
1
71
3
88
84
36
78
71
31
75
40
14
47
54
69
41
20
41
91
44
29
31
1
95
25
17
68
34
47
18
54
29
20
24
75
25
11
85
91
34
59
69
78
17
14
44
25
41
60
5
59
44
20
3
79
31
59
36
36
36
29
26
25
91
3
60
6
16
75
85
82
45
34
86
89
6
17
93
84
3
18
16
34
54
78
45
59
89
24
16
11
17
20
40
18
84
34
85
1
60
90
90
74
1
62
31
59
36
26
1
88
78
40
83
89
69
75
60
47
31
14
5
2
82
24
60
2
20
54
95
41
85
20
6
34
70
34
84
59
89
59
95
84
3
90
84
47
90
88
91
20
2
86
60
83
25
47
17
47
89
24
52
74
62
58
58
69
1
18
31
40
78
54
74
45
40
41
25
18
36
24
14
59
6
17
3
68
58
90
40
89
93
89
20
24
84
44
1
65
68
24
74
78
5
47
11
85
58
24
18
75
62
16
47
25
20
78
91
20
47
58
23
65
68
40
86
58
16
89
90
16
34
1
84
93
40
3
52
71
68
54
78
70
84
40
2
47
40
74
26
58
2
45
41
88
88
44
14
20
29
16
75
79
54
68
11
85
31
59
58
16
93
60
11
83
86
69
71
26
74
18
5
18
75
68
69
88
18
58
40
78
88
93
20
70
29
3
36
25
60
59
78
16
41
1
1
68
16
91
40
93
34
34
68
20
25
24
23
65
16
5
2
89
69
24
5
36
75
54
26
20
45
78
78
31
89
65
62
31
25
84
18
95
75
90
83
84
89
88
68
84
47
91
29
60
91
59
3
45
88
71
60
93
78
65
44
71
11
58
14
86
69
2
40
6
14
58
62
45
79
84
29
17
11
93
29
31
78
58
44
24
52
95
86
25
24
75
70
44
93
14
44
54
68
36
20
40
17
62
31
29
36
54
18
83
2
93
71
79
74
20
62
62
16
89
58
84
31
47
70
58
5
20
6
83
52
2
78
14
25
95
16
16
78
25
17
16
89
62
11
60
82
52
45
88
26
20
93
6
31
18
24
34
3
70
54
78
75
16
1
14
83
60
60
69
24
93
23
23
41
95
71
2
85
26
18
5
95
23
23
70
14
84
54
65
90
84
62
60
45
26
11
74
44
62
89
82
45
84
40
60
75
34
29
70
25
20
47
24
34
90
69
70
58
36
69
45
14
20
91
40
93
90
68
93
26
85
52
52
3
79
74
89
6
69
78
41
75
40
14
84
16
17
82
91
18
74
69
52
82
31
65
25
82
70
11
2
65
29
16
44
95
60
82
70
83
89
86
88
36
24
62
41
20
3
29
54
31
20
68
41
86
25
70
6
78
91
93
1
75
17
68
78
18
5
71
31
88
24
18
65
91
16
34
88
23
1
44
69
40
18
69
14
58
16
88
25
74
47
79
29
74
75
29
36
86
74
26
52
36
70
5
20
18
84
40
89
71
25
60
68
44
95
24
44
31
83
24
88
44
58
3
40
31
47
75
60
52
17
36
44
84
5
58
26
18
70
54
52
83
71
89
83
2
88
40
3
90
23
31
2
86
71
85
52
3
31
31
54
47
83
88
16
95
65
83
23
26
41
25
11
79
20
74
23
85
5
3
59
58
83
20
