1
100
50.0
92
81
65
98
34
3
38
71
15
39
26
53
51
1
12
30
88
68
18
66
54
36
80
47
33
66
63
50
65
98
52
25
29
79
15
13
84
37
61
72
32
45
50
97
62
42
90
74
93
66
78
39
93
75
6
60
93
27
89
20
43
29
59
24
84
56
19
96
47
5
44
9
40
47
18
18
3
46
99
85
25
58
31
19
98
70
22
73
76
78
41
3
99
95
50
19
13
83
39
99
20
69
16
9
23
46
14
28
53
81
19
74
94
0
41
18
47
84
11
39
21
60
20
27
15
59
29
7
9
67
0
93
98
65
12
18
19
93
9
59
90
41
19
82
66
67
87
4
57
67
18
94
62
64
9
99
74
3
83
49
11
2
62
74
20
55
71
80
94
81
47
17
39
27
10
3
28
81
60
71
41
86
53
60
64
27
75
83
75
19
83
27
13
66
9
93
83
53
10
10
53
82
28
19
62
59
2
94
47
67
81
0
3
41
98
29
78
84
27
41
25
85
53
28
12
53
85
35
12
20
39
13
66
12
62
78
11
94
71
18
75
83
75
60
47
49
27
39
18
59
25
86
77
25
10
90
85
17
65
65
75
83
50
8
3
3
98
86
87
90
9
2
29
59
0
59
78
84
62
25
80
53
87
15
10
39
20
28
93
78
71
67
87
18
39
19
18
60
39
59
53
84
78
53
83
27
86
13
47
59
20
35
18
49
71
46
82
94
28
50
90
94
65
78
46
12
65
12
2
90
19
71
50
49
62
80
9
94
12
46
28
74
83
20
64
86
2
20
50
49
94
94
87
82
78
84
0
59
19
39
87
94
2
46
75
35
10
28
2
87
17
50
86
80
49
99
62
84
11
49
99
41
80
90
25
53
66
67
20
84
47
62
74
83
27
18
60
20
90
94
11
82
84
46
53
91
47
39
67
10
53
53
94
91
39
85
11
11
93
10
93
2
86
60
19
28
9
78
91
71
27
53
84
20
18
85
0
65
64
82
47
50
75
27
48
90
91
15
91
82
74
65
62
60
2
11
53
74
29
75
60
13
71
18
28
93
2
85
11
2
86
9
15
20
64
17
90
15
39
11
84
17
35
71
15
91
53
39
84
87
19
83
66
75
75
49
19
93
74
47
98
10
19
13
86
18
60
66
46
84
83
82
87
28
84
49
13
85
9
99
15
19
85
17
65
93
3
50
60
62
84
39
3
27
12
47
66
0
11
59
67
84
15
18
46
46
17
80
85
18
28
41
74
29
65
64
46
19
99
74
80
11
60
90
94
28
29
25
93
64
35
71
15
17
60
66
80
18
49
0
66
86
66
65
91
74
29
13
85
86
65
91
90
65
20
93
99
81
75
65
29
83
94
39
65
62
59
49
59
12
83
71
99
3
41
66
50
50
0
10
0
81
67
35
12
91
71
71
65
3
19
11
86
13
35
71
0
66
67
50
39
15
84
20
90
93
11
53
17
81
15
11
98
27
15
93
59
87
83
60
74
75
87
10
10
3
80
25
83
0
13
62
53
35
66
49
93
94
13
53
66
11
94
13
50
12
99
62
13
65
50
82
3
17
74
3
50
18
62
67
28
9
27
83
11
82
81
99
83
28
81
64
39
29
35
65
3
15
93
71
59
83
47
93
25
87
3
9
80
86
94
94
17
46
15
59
25
99
94
66
2
98
66
99
50
11
84
62
91
12
39
93
28
94
50
49
82
94
47
35
0
94
64
59
78
28
74
93
71
35
86
67
99
64
84
46
91
50
80
99
15
75
10
28
53
67
9
46
0
99
29
91
90
35
83
82
59
64
27
74
67
0
27
17
82
81
62
81
80
27
59
78
93
98
47
11
41
53
98
87
50
67
12
91
29
15
11
81
18
62
9
9
81
85
59
98
41
9
75
19
86
50
83
94
87
80
49
86
18
78
66
94
86
13
47
47
83
66
2
39
86
11
87
29
18
67
50
29
81
64
25
15
35
15
12
19
85
94
27
13
94
53
86
49
67
12
13
15
49
49
83
64
71
81
18
49
15
50
74
64
46
11
47
39
28
93
3
83
12
67
90
93
39
9
39
10
66
66
75
82
15
13
67
80
94
85
11
49
17
75
39
15
17
47
3
65
82
28
94
75
11
82
35
25
49
3
41
99
83
66
81
84
85
50
17
74
94
35
85
85
98
10
17
41
94
47
47
10
0
18
11
78
74
98
19
86
85
3
94
49
13
11
85
74
93
50
98
87
82
81
39
39
82
62
93
11
50
10
35
67
