64
100
50.0
51
50
39
21
86
1
59
15
45
48
64
14
85
84
41
6
97
55
74
98
93
9
38
32
82
99
33
49
40
59
87
24
83
86
57
72
84
10
33
61
53
27
65
58
33
48
18
12
73
10
33
80
67
59
42
35
54
3
11
43
63
69
19
96
37
92
83
84
88
80
99
27
89
34
97
3
40
95
14
30
99
47
15
62
93
79
15
44
37
13
83
13
31
23
81
99
20
99
60
31
16
17
40
86
19
2
68
8
40
65
77
36
33
80
40
99
83
63
79
15
25
20
35
89
22
86
10
28
10
69
60
2
97
27
15
13
15
38
7
79
80
52
80
5
35
91
80
70
2
94
46
68
89
3
10
80
20
52
54
52
13
97
0
53
10
62
83
34
90
79
63
89
65
48
15
99
29
78
80
20
34
38
25
53
37
48
2
53
35
53
65
93
52
18
25
25
59
75
91
71
99
75
86
8
4
14
62
84
93
40
14
25
15
13
71
76
21
3
79
35
25
19
52
66
8
14
99
2
75
90
89
54
62
54
56
68
89
15
80
20
25
53
84
40
14
48
71
35
65
14
84
65
99
18
60
69
54
83
69
97
26
34
27
59
39
60
21
48
97
14
83
84
91
25
71
5
34
99
20
99
59
62
19
31
27
20
68
38
48
31
83
21
25
52
52
25
99
79
54
35
53
97
47
40
89
83
8
25
83
93
15
21
68
14
90
10
33
5
5
20
8
54
40
33
90
2
75
18
18
60
26
80
59
21
37
69
15
99
53
8
75
14
86
48
68
97
84
80
21
18
37
75
65
75
53
26
8
19
27
68
14
8
90
99
75
27
68
62
26
39
21
33
80
21
31
90
86
25
48
34
21
86
97
20
90
47
62
91
27
80
33
83
89
34
21
14
66
83
21
26
66
33
5
91
89
26
86
54
15
25
84
37
25
14
62
83
99
40
79
48
37
66
48
75
20
68
37
38
91
79
89
84
34
3
40
8
47
19
35
53
97
60
75
71
38
60
15
90
2
91
8
14
34
15
47
34
75
84
40
35
60
69
48
14
31
21
91
86
26
97
48
90
39
91
47
8
80
14
65
19
80
60
10
26
71
83
90
34
20
71
10
39
66
27
10
53
52
79
52
54
54
66
59
27
15
40
3
69
34
71
63
20
52
47
91
75
31
8
2
54
34
80
68
33
15
62
21
40
80
59
80
26
39
79
13
65
40
40
86
93
89
25
89
69
20
71
26
66
26
59
52
54
93
10
34
13
60
97
75
34
2
59
97
63
15
26
90
19
99
25
84
71
54
66
71
79
79
65
59
84
68
37
86
40
86
71
80
38
13
10
83
71
25
66
90
5
86
93
3
78
80
34
10
35
5
52
97
27
2
31
14
75
14
31
2
19
90
75
68
33
63
65
8
71
21
19
89
33
66
40
33
33
33
5
35
2
63
19
2
27
52
37
33
10
8
91
34
68
39
20
54
63
52
86
47
84
13
59
84
13
34
37
93
38
34
93
66
39
18
86
14
65
75
53
38
99
14
31
10
79
54
93
33
65
39
66
20
34
40
53
26
18
60
47
90
10
69
47
59
20
26
31
66
8
8
39
20
65
71
59
79
15
38
3
54
93
19
91
26
18
65
89
69
78
65
54
62
86
69
13
31
47
65
5
39
53
48
39
71
60
69
21
37
79
80
89
39
91
93
38
71
65
93
19
27
83
35
37
63
97
75
19
40
90
34
14
78
84
86
25
14
60
53
33
13
25
54
52
18
75
71
75
91
90
91
27
97
38
39
14
89
78
37
35
5
25
2
90
99
89
53
53
13
63
10
99
33
3
91
80
52
99
65
37
53
54
59
65
37
47
97
14
63
89
93
15
80
19
91
68
52
75
97
84
20
47
93
2
54
60
3
90
19
47
53
14
78
25
48
25
25
83
86
2
79
10
13
83
26
21
48
52
75
75
71
91
14
3
21
19
60
34
59
54
83
21
40
62
89
68
5
89
3
15
63
59
71
34
31
40
3
13
52
39
86
63
18
97
99
68
31
93
69
14
78
84
59
91
86
68
91
2
84
19
34
97
26
21
21
75
59
62
83
91
80
71
15
99
40
19
66
40
91
14
97
63
59
26
66
33
48
80
25
34
47
52
35
63
13
80
63
48
48
10
62
99
84
14
63
48
91
8
54
52
93
69
66
18
38
15
89
47
38
39
15
99
38
19
14
3
37
65
19
19
40
97
15
54
91
78
18
79
20
53
47
5
91
59
86
52
