82
100
50.0
73
30
84
75
93
15
49
96
9
12
81
26
6
40
1
7
8
56
72
84
20
97
91
75
40
55
59
37
67
82
55
32
99
71
50
89
55
52
50
48
90
5
74
67
57
31
75
48
39
59
19
38
67
64
59
54
33
3
61
4
67
75
2
69
43
61
11
44
22
29
58
77
75
38
47
88
3
61
45
69
46
78
58
0
23
53
41
86
40
66
75
21
83
16
54
67
85
2
48
94
95
14
24
28
27
54
42
30
4
17
48
25
98
76
53
34
53
13
39
53
62
67
89
3
54
54
48
61
27
35
70
84
4
6
59
79
61
30
40
36
75
21
17
68
6
40
17
70
55
57
57
78
55
34
83
89
13
17
34
69
4
54
39
89
41
39
84
18
8
34
83
75
27
79
2
54
2
48
48
69
60
82
82
78
60
65
55
82
48
39
79
48
10
40
57
83
38
65
39
63
91
59
61
62
78
75
53
67
30
67
60
30
42
32
50
92
17
6
18
65
3
51
62
10
8
84
4
87
60
61
78
3
54
53
38
52
42
3
84
38
67
3
41
58
4
79
69
92
62
42
60
78
89
84
78
99
40
48
82
78
32
92
4
4
7
65
50
48
65
21
48
21
58
52
80
91
54
69
40
10
17
42
52
6
38
51
38
59
82
7
53
60
10
34
88
92
32
51
79
82
40
8
83
92
13
10
50
39
53
42
59
59
30
50
18
92
75
54
95
7
38
10
69
2
59
69
42
67
2
75
32
48
82
83
30
82
3
65
7
55
17
99
52
18
50
65
83
6
70
57
58
48
84
91
99
10
32
38
18
75
75
34
83
58
84
69
18
60
84
69
3
58
83
92
7
65
91
30
78
54
92
10
53
62
60
51
79
95
67
57
32
78
80
59
2
51
32
65
62
13
78
53
95
6
38
52
58
21
30
54
89
42
18
3
13
69
91
82
91
75
10
3
39
2
57
13
51
2
65
99
88
41
10
41
30
48
30
57
17
32
42
80
7
13
83
8
50
52
41
60
13
27
61
27
41
13
34
40
30
75
42
92
51
10
65
17
32
60
8
38
78
27
89
10
51
99
38
69
55
62
10
82
53
54
92
88
83
75
60
8
91
34
57
95
32
61
52
88
50
95
60
32
61
92
92
70
65
50
7
17
95
83
38
57
60
62
21
58
99
70
4
67
67
39
54
89
88
4
18
69
55
95
55
38
8
50
8
34
13
75
67
39
67
70
65
84
30
91
78
95
32
40
10
67
7
67
51
65
13
69
61
50
4
39
4
4
6
17
51
54
17
17
84
95
2
83
65
69
58
38
51
92
58
58
95
59
39
60
62
55
21
18
17
17
6
18
10
6
65
39
65
69
67
42
82
32
4
52
65
42
4
30
55
4
10
82
67
40
41
6
13
38
54
92
52
41
34
21
91
95
52
34
67
82
92
7
89
38
62
39
53
82
7
3
7
10
58
18
88
54
51
48
59
62
58
13
95
3
32
39
41
75
95
57
70
75
70
84
51
65
4
18
61
89
95
50
13
32
53
30
18
69
51
95
30
70
27
17
32
32
39
48
78
89
18
38
52
80
21
39
91
91
57
8
40
52
18
7
41
40
78
59
79
69
40
30
67
67
59
50
42
39
21
2
4
95
39
89
53
52
8
62
70
61
54
2
40
58
55
41
38
83
48
99
32
95
99
10
7
2
42
83
54
40
38
91
89
7
70
3
69
30
58
99
39
39
10
79
65
58
48
18
70
41
53
40
99
6
84
52
62
13
60
7
69
48
70
27
65
83
39
8
3
92
65
48
69
75
39
2
38
80
21
79
51
17
30
88
78
70
83
92
70
40
18
88
27
78
8
2
39
53
70
27
65
38
18
34
95
69
79
52
61
30
78
79
78
92
69
69
48
6
4
50
10
65
69
99
62
6
92
69
30
3
13
53
89
91
13
32
32
60
75
8
10
69
10
48
51
53
52
10
91
53
62
80
42
89
91
55
89
82
91
39
79
59
83
53
2
32
79
67
17
3
65
99
58
4
2
41
4
10
55
6
8
17
6
2
61
61
8
34
34
92
34
88
32
13
30
17
83
21
34
34
41
70
52
18
65
3
42
80
8
57
38
42
52
75
78
79
65
95
78
65
4
10
41
92
18
89
58
83
18
80
80
13
27
7
82
7
58
4
78
3
30
48
53
4
41
48
50
54
3
41
2
79
89
99
8
58
92
65
70
70
79
62
99
39
13
8
92
83
27
89
82
78
88
39
30
8
