75
100
50.0
30
93
38
7
47
19
35
8
68
55
95
81
28
3
96
74
14
63
39
53
69
67
87
60
32
16
76
2
4
73
15
40
88
78
15
36
17
35
51
21
43
49
0
98
92
23
63
85
6
99
78
75
72
0
24
65
37
13
48
97
10
78
59
47
1
79
88
88
3
58
93
86
44
3
22
47
45
66
11
29
41
77
6
33
40
89
54
64
50
13
58
93
34
78
61
6
62
80
71
6
39
40
82
25
11
45
7
23
44
83
20
0
35
29
7
63
42
44
56
15
91
7
52
45
57
88
45
89
82
0
51
88
88
47
53
27
12
63
89
95
39
40
53
44
58
89
27
53
82
68
23
15
51
51
11
12
34
3
76
84
61
0
41
39
12
41
82
67
5
77
93
0
76
84
31
23
52
51
11
84
46
58
39
45
0
89
5
88
89
47
31
0
63
89
45
35
3
98
89
13
82
77
98
57
67
47
63
18
34
89
6
0
71
23
95
13
48
1
94
3
15
1
84
40
95
93
23
53
63
63
15
23
78
78
68
22
6
27
5
47
35
67
63
0
15
11
90
52
53
23
12
41
82
64
1
88
84
44
95
0
5
3
68
76
27
90
27
12
11
77
45
3
98
52
52
34
71
12
38
64
82
38
22
13
12
88
71
58
1
38
71
38
44
47
45
34
98
89
89
89
39
61
76
15
76
48
57
15
98
61
26
53
41
71
22
98
41
13
84
82
23
89
51
31
11
68
0
34
63
22
61
70
12
22
53
40
76
34
0
93
88
27
31
40
29
77
84
78
98
89
68
58
44
1
26
38
9
82
82
84
6
67
57
82
27
77
68
29
39
3
78
82
93
3
27
52
68
39
51
58
44
35
57
71
67
22
68
0
48
88
5
78
95
29
68
52
29
3
26
71
76
31
6
48
61
45
78
38
78
41
77
57
58
26
63
31
39
71
31
12
95
23
22
47
15
15
57
48
35
15
58
31
63
27
9
11
52
78
71
88
47
78
22
9
23
71
61
89
26
3
29
41
7
39
63
23
78
26
12
82
93
26
67
64
27
88
3
29
71
23
44
44
84
1
84
34
44
31
93
42
23
51
44
61
27
52
90
27
7
98
39
3
40
68
7
89
64
31
5
95
57
3
27
52
26
6
3
34
45
61
68
40
77
44
58
23
68
41
38
26
95
15
0
48
3
6
61
6
63
51
22
5
27
64
52
98
68
26
58
34
48
90
89
40
40
15
53
52
51
61
88
82
88
64
42
77
41
61
93
9
40
12
7
13
88
27
64
7
48
58
5
51
61
64
6
35
68
58
31
0
47
47
11
88
44
78
9
88
48
9
77
98
84
7
0
35
38
67
23
64
13
52
95
3
39
90
48
15
63
61
64
90
48
67
67
93
98
67
78
58
95
7
22
15
11
48
61
40
7
47
63
67
68
63
39
6
95
3
93
67
27
3
84
88
77
38
82
57
61
1
67
57
57
6
45
39
84
78
11
39
88
53
22
3
53
35
27
7
29
31
5
67
38
13
89
98
61
48
77
98
3
48
38
41
15
76
64
29
31
12
39
44
71
5
44
9
71
6
34
76
11
6
22
29
9
58
84
48
51
89
45
53
45
44
64
82
11
58
58
71
84
57
89
13
89
47
6
13
6
68
52
27
93
11
12
42
51
35
78
23
38
58
61
90
71
34
88
51
5
68
41
6
67
39
6
51
3
29
26
63
77
88
77
53
38
23
68
82
77
5
6
52
67
67
23
61
76
9
1
39
67
44
3
12
98
64
77
26
68
78
90
47
51
3
61
45
77
52
9
88
58
29
41
68
88
22
12
5
15
57
42
88
58
51
88
34
6
45
34
88
84
89
52
5
64
3
48
71
76
58
64
77
34
71
31
12
48
71
31
90
88
13
47
57
26
34
61
90
41
89
3
42
84
44
0
13
35
29
95
39
12
44
82
22
47
15
47
63
6
5
23
29
45
34
52
9
29
44
22
38
63
89
76
26
1
90
11
77
38
11
67
45
15
48
95
84
77
58
67
40
52
12
12
77
15
13
22
39
0
78
76
1
61
7
63
27
41
39
9
27
12
88
9
12
93
41
11
40
53
84
98
88
40
27
5
45
23
5
22
15
31
12
39
89
27
68
12
93
29
48
1
39
34
29
84
0
6
61
29
68
63
76
48
6
5
93
67
61
88
35
42
61
51
15
40
40
23
78
67
31
47
35
39
82
53
95
39
90
58
12
26
93
82
13
61
63
35
48
3
39
