54
100
50.0
76
70
6
21
35
34
27
38
21
73
89
23
37
83
36
54
64
91
82
92
1
0
7
50
11
93
11
61
12
68
42
29
8
28
52
62
49
86
78
92
61
55
37
47
48
44
75
51
63
91
81
79
24
88
11
33
47
39
90
33
22
27
33
59
96
66
26
47
71
82
4
22
21
57
27
14
74
56
46
37
97
30
2
11
27
26
81
91
65
95
14
47
27
56
50
81
25
99
13
58
74
80
82
43
26
20
94
11
92
47
48
19
2
16
75
27
22
56
34
22
14
84
98
63
5
63
21
61
9
82
48
14
33
34
17
33
94
33
53
45
17
34
32
16
61
67
14
44
67
31
91
17
41
15
63
72
31
14
14
11
45
35
16
34
43
3
16
56
31
35
7
65
87
71
21
18
22
94
92
94
75
65
22
81
89
41
41
56
75
35
33
43
94
45
65
41
85
94
14
45
44
11
18
47
77
2
63
33
81
3
82
69
27
31
34
14
65
80
82
15
82
89
26
87
33
77
77
69
45
35
34
37
63
67
40
89
7
31
81
14
43
26
80
7
25
21
7
80
65
50
62
16
40
50
18
67
27
74
66
17
2
71
66
15
16
43
63
77
17
43
50
16
69
81
21
43
17
87
63
10
14
87
33
16
61
34
63
27
7
63
27
92
3
3
48
27
63
37
31
94
44
34
44
47
82
31
40
25
47
14
25
56
60
37
18
33
26
60
3
21
71
25
26
34
47
81
91
34
21
81
43
65
44
34
56
27
89
37
3
94
82
14
63
5
69
15
56
77
62
75
87
3
69
2
89
71
67
75
44
43
33
33
43
71
44
10
15
22
65
34
81
48
87
47
5
63
62
14
16
11
82
26
43
37
82
5
26
71
31
45
17
74
75
80
62
94
82
74
63
71
87
50
92
82
82
33
27
50
74
2
63
60
37
10
48
92
45
37
17
80
92
60
16
33
44
61
81
37
94
18
56
63
94
3
33
77
25
56
41
43
82
3
40
50
74
48
25
82
33
71
41
82
14
5
37
15
60
47
15
67
94
66
16
45
25
40
71
21
50
91
77
35
26
89
44
44
63
21
10
35
81
60
47
60
18
18
92
48
74
31
27
67
34
15
65
26
69
69
25
11
34
2
75
22
31
82
56
94
45
60
66
75
91
56
71
45
21
47
16
18
31
94
56
81
35
45
37
40
71
94
89
81
34
35
94
94
7
45
80
80
5
47
66
17
31
48
40
41
74
26
81
80
3
41
26
60
31
10
62
15
10
47
33
94
67
62
35
74
66
15
81
35
75
82
45
63
62
16
47
92
16
69
5
80
2
2
94
69
3
65
27
43
10
77
71
63
33
18
66
18
89
81
89
26
77
26
7
41
61
34
74
17
26
11
14
80
17
69
21
45
37
26
34
71
45
75
16
74
26
17
22
80
80
92
22
5
50
74
92
22
66
66
18
22
69
87
92
77
92
10
40
56
63
14
47
71
43
65
7
5
18
21
48
60
45
67
14
34
11
56
31
75
62
33
5
75
75
89
27
48
27
48
80
33
33
91
11
35
15
40
3
11
45
2
89
92
67
80
27
74
17
91
67
56
33
41
60
65
43
27
3
22
92
18
10
43
27
87
27
22
87
75
2
2
22
61
47
91
3
3
5
37
61
11
31
67
47
18
77
94
16
87
66
37
56
34
18
81
44
11
16
37
60
14
21
71
62
44
27
16
31
25
94
61
62
62
2
26
10
21
67
14
48
94
27
26
94
33
82
82
92
48
74
15
61
25
48
75
31
21
3
80
48
18
74
63
16
65
25
10
71
67
75
2
75
34
91
56
37
44
71
5
60
47
81
17
50
14
91
48
33
27
7
92
35
87
66
7
25
34
25
91
60
43
27
34
94
10
75
80
47
62
2
21
11
17
89
48
16
35
47
43
7
27
77
40
74
11
5
67
7
62
15
10
66
62
25
3
66
43
69
21
40
62
27
7
5
89
56
75
14
11
81
75
2
11
89
65
60
40
3
47
35
35
62
26
48
26
63
56
37
87
27
43
26
62
50
14
22
63
50
16
35
7
26
66
61
56
27
35
87
25
33
80
87
89
31
21
37
94
22
17
44
87
89
15
18
48
82
74
75
82
67
16
2
63
3
22
34
74
66
25
15
3
47
63
56
37
26
33
75
60
18
60
80
74
7
69
34
65
26
15
33
45
77
26
56
37
94
5
62
87
87
21
87
33
67
21
27
18
69
5
22
17
40
33
67
50
16
10
