72
100
50.0
59
16
85
92
50
26
13
24
26
47
42
43
36
87
51
64
39
41
74
29
86
58
54
95
79
61
76
52
0
90
57
0
12
66
67
48
91
52
51
77
27
9
22
63
35
18
70
98
30
67
53
28
8
5
95
34
88
42
53
53
4
0
6
75
1
11
18
9
32
24
60
7
27
33
66
34
77
61
44
20
23
32
5
10
79
60
79
96
2
11
82
53
21
33
18
80
68
94
66
42
48
79
84
18
89
78
40
80
20
97
9
89
66
25
67
55
5
5
5
83
17
57
18
21
55
69
11
46
61
79
89
11
9
53
89
53
27
77
40
44
45
71
44
26
21
89
5
22
93
44
13
58
95
53
82
53
48
14
33
24
33
56
77
11
51
15
13
67
6
14
20
21
38
9
49
88
88
26
30
53
49
62
55
58
34
58
99
22
20
99
79
93
73
11
53
2
60
67
71
19
14
67
32
34
44
24
27
66
81
95
26
67
37
2
20
78
34
61
0
34
44
30
0
20
2
5
0
28
31
19
5
82
60
99
49
18
34
71
27
67
20
19
27
80
80
28
30
52
88
79
34
71
93
57
48
6
78
77
21
18
24
53
22
24
53
34
21
51
52
2
73
18
24
95
89
80
71
22
42
31
88
55
66
26
24
89
78
93
32
21
18
28
44
77
42
2
93
95
52
19
9
57
0
27
13
53
88
2
66
3
77
48
31
34
49
82
49
65
3
88
31
14
44
49
28
82
5
79
20
18
53
77
99
33
42
71
21
71
13
24
22
3
99
72
30
82
93
57
67
82
26
78
20
49
11
89
79
21
52
99
31
26
60
58
40
78
21
13
93
80
19
18
48
61
89
27
42
79
18
79
89
42
93
19
49
19
88
78
53
77
13
52
24
0
5
73
67
89
79
42
2
79
95
58
6
24
48
20
95
9
48
78
9
55
6
71
5
31
55
55
89
31
61
66
33
80
26
24
82
80
21
11
95
57
71
95
11
42
30
51
33
22
6
0
57
33
14
99
99
0
34
52
33
88
61
99
19
99
48
13
99
66
26
32
13
42
22
20
21
77
53
93
52
30
89
21
18
27
30
5
33
27
77
14
60
89
99
3
18
80
44
52
0
33
82
80
11
31
82
93
58
34
3
6
95
32
40
57
48
20
13
44
73
27
79
66
28
26
61
28
3
99
2
88
52
60
11
42
67
31
34
2
28
57
32
57
55
99
18
32
89
20
14
20
5
24
67
77
53
93
31
34
5
26
48
18
34
93
66
93
61
24
57
11
30
27
31
30
88
2
61
60
26
78
19
82
27
13
44
80
67
66
22
11
11
78
58
9
49
0
77
3
18
60
44
14
2
73
9
88
21
28
73
34
44
0
42
14
57
33
26
3
33
19
95
99
27
58
14
6
21
0
51
19
61
80
58
30
78
55
52
2
33
0
22
13
89
5
88
57
57
33
0
31
26
26
89
66
28
55
27
71
57
48
22
77
24
71
52
82
24
33
52
31
31
27
28
11
20
5
9
61
58
80
27
78
78
53
9
13
40
99
44
89
3
61
42
77
95
60
95
28
6
24
48
11
99
57
60
78
6
40
48
30
28
42
33
82
20
48
49
3
5
28
55
80
66
55
49
28
6
58
93
2
28
95
71
0
20
82
95
26
67
51
51
14
89
66
82
66
88
28
95
79
32
52
13
34
66
88
73
13
22
6
42
48
11
14
93
49
3
6
93
31
82
53
27
40
82
21
71
2
26
66
44
66
22
67
42
99
73
42
71
89
80
88
60
66
11
40
34
2
71
55
60
3
30
34
24
49
57
0
30
33
49
28
34
13
77
67
82
79
89
79
21
40
42
61
31
51
24
67
57
0
24
21
52
99
5
80
24
55
49
5
79
89
57
6
95
20
61
5
89
3
21
28
14
88
58
79
49
66
67
2
11
78
28
48
34
6
78
32
19
22
3
44
53
89
89
99
73
79
61
20
53
0
9
18
42
51
60
2
73
20
42
31
33
2
66
99
40
18
33
80
71
89
44
82
73
89
57
3
93
55
95
61
82
21
73
66
33
24
60
33
80
48
18
19
24
51
51
44
77
28
6
78
21
60
2
58
0
14
60
40
67
18
5
99
14
42
42
52
88
67
6
73
61
44
2
32
34
30
53
80
30
66
61
53
88
33
99
2
27
34
88
33
99
22
77
71
5
11
58
2
44
73
19
19
78
30
34
14
49
51
40
22
93
53
73
34
19
61
42
99
20
80
27
58
27
99
