43
100
50.0
75
36
44
52
31
80
73
88
29
74
11
91
85
53
15
70
35
58
65
25
37
55
92
97
19
95
17
99
78
29
4
96
73
7
2
1
83
71
8
47
72
89
22
12
38
41
60
42
56
59
59
19
49
95
86
28
61
6
27
94
96
67
59
18
60
36
28
63
38
70
3
36
36
68
24
76
95
25
1
79
30
96
16
0
90
56
48
45
33
83
90
65
87
7
28
1
19
93
0
23
78
98
59
48
96
10
43
63
29
23
82
25
28
20
10
87
57
78
62
73
50
14
29
84
83
26
29
84
81
38
32
23
46
30
9
54
5
13
29
57
15
79
78
48
63
26
73
36
57
23
0
14
86
86
6
25
48
51
19
95
46
57
95
98
73
5
65
36
9
23
60
65
28
20
0
69
81
26
29
14
15
89
83
23
87
28
60
98
2
15
46
46
56
89
36
23
9
37
51
92
60
60
59
70
95
5
15
29
37
56
36
83
56
28
40
96
10
79
98
0
84
48
36
89
30
92
38
30
98
15
84
81
51
25
7
0
1
66
19
26
7
81
60
0
90
34
25
21
5
26
28
83
95
10
20
6
95
83
81
63
66
21
87
87
64
28
64
89
57
64
19
21
15
90
79
77
23
84
89
7
86
20
7
38
0
65
10
6
39
26
70
6
81
57
70
48
9
84
57
73
59
39
64
63
60
48
5
70
81
0
21
36
51
26
79
73
78
25
63
59
57
90
25
19
6
86
21
26
2
7
79
23
19
5
56
92
60
98
96
36
30
65
86
26
65
21
70
37
26
30
30
19
87
87
60
38
56
96
87
59
15
2
39
73
90
92
87
98
9
38
51
73
38
98
30
20
48
77
20
25
5
90
63
81
51
0
51
86
78
92
83
84
57
37
29
81
95
1
65
60
63
7
66
5
5
63
56
90
79
28
2
48
60
63
95
73
90
14
26
46
63
63
78
79
83
2
5
56
7
65
6
7
19
73
83
98
36
23
9
78
28
92
56
86
5
59
15
66
70
10
79
20
83
19
87
89
25
48
39
48
38
36
51
95
39
70
48
5
20
7
39
25
0
5
10
14
79
64
23
89
29
37
56
57
84
64
96
5
6
9
81
73
81
83
2
7
81
23
39
28
96
63
0
78
83
30
30
64
70
20
70
78
26
95
36
92
2
46
95
9
14
70
19
90
21
84
36
21
28
92
10
89
1
15
79
79
29
84
79
1
84
98
98
81
39
86
98
2
96
38
6
70
38
0
63
36
57
79
25
37
9
98
96
25
15
25
1
77
0
46
77
89
15
39
38
25
10
30
0
39
1
28
29
56
26
83
38
64
57
9
28
21
83
86
14
0
84
37
79
83
70
78
73
6
36
86
70
9
81
9
81
30
26
70
19
96
19
38
51
92
38
14
9
7
59
60
20
0
23
81
1
78
20
6
21
87
20
26
63
48
39
84
48
64
64
46
83
78
92
1
6
23
6
60
92
15
21
2
28
86
28
21
14
0
73
39
10
1
84
36
79
83
10
77
87
28
56
90
29
95
30
6
84
23
78
79
51
9
84
5
92
63
21
92
51
1
1
39
0
38
9
21
65
60
73
77
0
90
64
96
81
2
96
29
25
90
19
20
59
63
26
38
63
14
59
86
89
56
86
25
0
38
25
9
46
77
63
66
66
21
1
1
25
15
66
56
90
78
51
0
20
73
66
38
73
28
23
84
10
39
9
14
23
48
21
21
37
63
73
79
77
98
59
57
25
48
48
98
25
46
23
14
10
30
63
98
5
28
5
78
10
77
9
39
98
37
37
63
79
29
20
57
56
70
92
84
29
36
83
59
66
84
66
21
29
95
1
19
78
78
57
98
90
7
86
57
78
9
30
29
15
70
37
92
77
96
90
66
48
79
96
81
38
98
30
89
90
15
28
78
38
10
21
39
2
84
23
73
38
9
51
96
26
87
96
87
10
36
21
89
46
92
9
37
0
14
89
6
90
92
20
26
65
79
87
15
2
83
56
59
0
6
66
96
9
70
2
90
9
84
77
84
92
59
65
26
38
56
36
10
63
95
98
87
30
84
10
25
15
28
7
15
37
6
7
84
9
9
87
15
10
66
98
10
14
38
90
95
64
6
70
92
25
14
90
23
56
48
1
70
79
14
15
77
57
79
78
30
86
83
30
59
15
79
19
65
98
30
51
92
28
65
39
6
81
21
87
46
2
29
92
1
83
73
37
59
73
25
56
2
65
26
79
95
15
73
37
28
79
20
