99
100
50.0
92
24
72
46
10
82
94
28
81
23
18
62
29
34
47
93
57
22
19
21
42
75
7
70
33
2
9
7
92
50
41
12
25
58
57
30
72
94
98
16
3
58
31
78
1
12
77
84
70
69
39
55
64
56
95
34
47
48
61
21
92
45
30
11
71
91
92
69
78
43
67
93
66
40
90
97
49
21
76
44
96
92
75
14
92
7
79
52
28
14
7
32
59
75
93
73
44
44
92
20
89
86
52
98
37
0
27
29
66
92
62
16
61
60
21
79
6
62
20
58
12
4
85
69
98
94
23
70
58
53
78
7
52
17
58
95
36
16
61
69
59
59
58
68
30
34
94
35
29
66
85
59
63
34
29
44
95
88
30
58
28
83
93
20
34
44
45
51
99
29
23
95
74
72
75
56
87
15
7
47
16
52
95
69
72
8
88
80
23
66
5
88
73
47
7
83
22
54
36
20
16
38
44
58
94
88
52
79
62
20
69
95
70
34
23
94
5
16
94
20
56
40
46
16
94
40
98
13
93
94
28
65
45
28
88
95
54
13
73
20
62
12
58
78
28
79
12
14
14
94
36
36
63
66
29
20
58
16
7
28
78
63
21
75
88
80
36
30
23
75
47
92
63
28
80
21
54
88
22
5
34
73
44
79
57
45
93
16
45
80
98
58
96
45
46
78
54
99
13
66
57
37
78
69
62
99
94
83
16
23
75
79
23
45
58
73
29
23
30
40
40
63
85
62
47
5
34
69
80
73
34
85
28
88
63
40
22
99
46
62
93
20
70
46
92
21
47
28
80
93
96
80
99
40
75
63
20
83
28
93
66
92
73
59
75
7
88
80
54
80
16
61
54
62
44
44
44
79
40
96
34
22
52
56
94
99
17
88
88
45
5
47
75
29
93
12
26
72
16
47
57
46
52
70
16
7
69
58
56
58
30
5
79
83
75
5
5
30
44
54
46
57
54
16
40
22
58
34
94
29
69
20
17
16
54
79
16
83
20
47
14
57
13
5
37
52
73
94
66
92
44
23
21
88
34
75
5
16
54
59
45
21
59
88
20
7
46
85
73
69
12
34
45
28
16
40
99
23
44
40
78
44
59
94
30
20
28
21
75
12
79
13
30
34
29
75
57
44
79
36
99
34
28
54
63
93
94
30
5
92
88
56
75
30
73
16
12
37
46
30
29
12
85
63
28
75
58
34
78
36
85
54
69
63
23
45
95
79
61
37
98
20
5
28
96
88
14
21
93
72
88
13
57
7
96
14
79
66
66
88
12
98
44
98
57
75
45
37
30
61
47
96
61
14
75
5
83
37
34
66
30
70
44
56
20
88
79
21
83
70
69
70
78
72
73
99
5
72
94
22
40
23
75
96
63
63
83
83
40
75
94
57
94
16
13
56
69
99
94
44
59
13
20
56
57
34
57
34
96
85
54
61
63
92
28
88
93
22
34
28
47
36
62
5
17
66
66
56
17
92
37
16
61
37
75
29
45
20
61
62
95
13
29
78
30
5
96
52
62
12
36
40
7
73
37
47
69
16
45
66
59
98
69
88
29
21
80
92
70
69
29
36
93
47
47
54
73
45
47
22
61
22
12
17
52
98
23
12
61
72
85
34
88
79
14
44
22
96
5
83
36
52
23
61
92
14
80
47
75
94
17
80
95
17
62
85
34
95
78
23
83
92
54
69
80
80
88
36
85
70
36
14
98
80
28
16
5
44
57
70
78
20
70
62
66
79
98
85
28
37
75
23
96
44
45
92
66
83
21
59
79
72
63
92
45
72
54
34
80
44
29
14
94
75
17
34
80
85
59
88
45
46
21
34
30
56
61
79
59
37
7
98
95
66
5
59
14
73
5
79
54
28
94
88
62
44
47
17
37
34
17
94
69
95
40
30
7
73
62
45
88
80
47
44
99
12
47
45
62
47
17
99
85
59
92
23
94
78
56
17
83
96
59
13
23
92
88
17
85
59
21
93
99
94
78
80
61
98
88
58
79
99
47
56
21
12
62
52
5
96
29
66
14
52
47
17
5
66
45
94
12
95
94
61
44
78
5
92
12
94
80
14
54
44
78
59
40
96
75
92
73
12
29
94
7
63
79
36
21
28
14
98
30
69
56
45
30
80
75
80
52
28
92
63
54
29
12
17
44
5
44
93
46
75
98
72
13
45
78
73
23
45
36
34
79
92
46
58
12
59
95
5
92
83
75
37
63
94
45
92
59
59
94
95
22
34
28
59
98
20
46
63
47
7
75
59
61
21
46
93
