55
100
50.0
45
51
46
71
23
88
92
46
84
88
81
22
96
83
33
44
74
26
20
24
41
85
17
9
14
55
79
65
73
33
82
54
70
69
48
95
25
9
33
90
97
60
1
9
18
7
23
55
40
31
16
72
12
89
44
87
3
63
1
30
14
38
67
28
71
37
19
36
10
2
88
6
11
64
71
43
39
5
21
35
71
15
71
9
88
57
15
66
3
53
50
88
29
87
9
0
3
84
89
59
43
83
52
61
8
27
4
23
64
61
36
62
83
91
91
21
33
71
67
47
64
47
42
56
13
89
64
49
47
31
37
89
63
88
88
9
31
98
71
89
14
1
70
37
37
14
33
70
18
68
78
28
76
47
86
98
15
23
4
58
86
28
1
67
63
30
1
30
23
15
30
17
9
27
18
44
17
4
27
73
84
86
46
50
36
67
91
15
56
33
33
67
55
24
67
83
88
70
64
9
80
56
21
66
4
17
43
99
1
18
28
78
88
31
23
14
93
40
18
67
50
73
46
36
1
75
30
87
67
61
46
28
24
61
1
30
88
15
64
56
77
73
94
56
32
23
66
31
46
17
17
14
61
1
3
63
66
47
50
9
37
61
44
23
77
17
36
63
6
46
99
98
43
36
30
73
31
3
70
71
34
64
18
15
70
78
33
46
78
63
98
27
88
32
67
67
55
84
63
15
33
71
37
44
14
14
21
83
64
66
56
88
87
28
28
76
36
44
1
89
61
70
14
73
50
44
40
63
84
77
55
6
66
61
33
40
6
21
55
24
75
24
9
75
36
3
6
56
99
84
86
99
17
46
3
71
98
70
71
84
1
36
50
32
66
44
78
21
37
64
30
1
73
40
32
71
67
18
87
73
4
64
56
24
87
36
36
1
36
27
21
24
47
50
87
9
66
18
27
70
46
77
91
70
46
32
76
28
36
88
37
78
61
98
75
21
6
64
14
44
32
15
89
99
62
56
87
1
33
23
70
87
91
9
40
83
99
4
88
46
9
37
6
24
1
67
98
98
55
73
17
98
14
18
21
17
87
75
87
77
83
47
27
14
61
14
84
75
50
47
21
71
67
6
14
9
37
14
46
71
99
18
98
46
27
30
83
70
40
50
1
83
27
62
98
3
98
67
91
77
78
21
31
87
17
98
9
14
9
70
37
89
24
31
56
71
6
3
78
47
56
40
78
1
9
31
50
4
87
86
40
66
63
47
61
91
73
18
71
40
86
99
3
36
99
44
3
88
75
50
89
88
84
84
1
55
77
32
21
9
23
37
47
37
9
37
24
18
98
89
67
66
67
89
23
91
36
89
27
83
71
40
91
9
21
33
56
3
77
64
83
47
15
21
32
50
40
71
33
3
64
71
14
14
75
62
30
62
77
4
88
1
64
64
18
31
76
17
91
14
47
70
31
18
40
1
31
84
64
36
88
62
64
17
14
87
14
43
40
71
33
37
63
3
24
56
44
18
83
32
1
18
55
24
23
87
77
28
70
28
64
44
27
89
18
17
9
64
78
91
77
30
77
4
76
4
88
67
98
17
18
37
62
9
75
4
1
50
4
27
9
83
78
9
99
44
83
98
32
36
62
31
3
63
76
50
88
21
18
28
89
89
31
73
75
78
56
71
77
17
55
30
50
91
71
98
70
17
37
6
88
14
43
37
32
17
30
28
83
84
66
56
21
78
99
61
46
55
55
71
62
98
67
36
6
15
4
43
55
43
56
77
6
75
28
17
67
63
62
24
70
33
88
43
98
36
1
43
99
40
89
77
17
4
77
44
88
33
62
77
31
78
47
77
56
1
21
40
24
23
44
6
44
70
37
30
89
31
30
86
17
3
33
50
89
67
78
77
87
78
14
86
63
43
40
14
63
36
73
14
36
88
89
37
66
31
43
61
55
89
62
18
83
46
28
61
6
56
43
15
17
33
99
64
83
17
70
87
15
3
70
40
31
63
47
18
23
6
24
47
28
87
50
9
73
75
75
64
6
6
15
18
17
9
78
27
47
66
73
3
91
36
56
76
28
1
15
9
6
55
88
71
63
71
64
40
64
63
3
1
4
89
3
77
98
62
17
63
37
99
77
21
73
98
78
23
78
18
36
4
9
56
9
46
9
14
4
31
43
98
63
71
47
67
36
30
91
40
71
23
32
32
43
18
78
17
56
6
3
55
17
50
78
64
83
99
86
86
47
37
63
33
78
83
75
28
40
71
71
77
9
62
28
33
55
31
15
63
77
36
37
87
61
23
28
9
84
83
75
55
