68
100
50.0
8
37
70
30
4
84
16
8
17
50
9
69
57
47
46
15
13
23
93
51
39
99
74
58
67
79
70
77
16
28
69
51
90
86
73
24
92
51
2
98
96
25
8
48
65
13
29
91
21
64
48
54
80
86
53
16
33
22
85
44
82
53
78
61
19
75
26
88
72
14
28
83
10
27
2
23
68
91
79
55
0
70
79
35
41
34
34
8
99
30
18
87
99
16
51
20
49
51
10
28
7
85
91
42
5
48
72
1
30
32
48
97
45
52
71
62
57
70
1
34
18
56
18
20
97
16
62
69
3
70
69
94
65
62
79
90
61
16
87
43
13
51
80
83
36
67
16
42
30
83
81
62
12
83
48
97
8
63
99
69
36
81
20
23
19
72
75
62
5
95
57
16
56
48
34
71
90
76
89
1
76
99
20
34
69
19
6
10
12
88
83
99
69
89
31
42
53
18
53
34
65
94
89
11
36
1
11
28
38
28
2
71
99
87
75
86
5
16
19
87
94
80
76
16
57
36
70
57
11
90
42
19
20
56
5
72
90
70
13
12
76
48
70
23
85
28
69
66
19
40
79
71
81
40
81
81
40
16
75
5
69
59
8
19
28
80
16
8
86
23
56
19
40
57
34
62
12
62
57
79
19
5
18
1
57
11
61
71
80
61
8
81
76
56
81
40
51
12
95
2
61
16
20
85
88
13
81
83
48
51
56
18
36
20
18
5
71
94
86
70
60
56
12
2
23
56
34
70
8
16
67
11
85
36
23
10
23
85
76
69
83
8
5
2
89
30
60
61
61
56
62
40
90
72
23
81
8
72
62
95
80
61
12
11
16
97
48
36
53
80
83
16
51
80
12
99
87
61
56
56
75
90
36
85
51
72
76
67
8
19
16
10
70
79
11
13
61
53
2
97
11
90
85
20
86
13
28
99
51
72
30
60
20
69
48
89
62
70
85
80
69
85
23
34
72
57
71
87
95
16
30
2
60
95
95
83
85
95
5
90
13
60
40
62
62
70
79
97
62
81
91
83
60
87
60
94
40
79
80
62
13
23
61
76
1
71
30
42
75
34
86
89
28
94
88
11
79
71
86
81
70
12
36
70
87
53
65
62
83
90
86
61
89
62
42
89
88
69
23
71
18
23
13
70
61
20
57
57
13
88
69
51
70
8
85
69
11
67
81
1
99
97
69
8
1
11
67
65
89
53
13
88
18
62
83
11
8
90
5
90
10
89
94
11
67
5
57
88
89
85
18
85
81
69
69
89
90
8
69
80
42
11
89
65
65
62
40
10
56
88
99
56
71
8
48
56
1
23
1
13
69
1
57
10
23
95
36
71
76
75
53
18
51
56
1
2
18
69
67
34
23
1
8
75
61
72
48
23
87
87
16
99
34
65
62
81
91
62
85
53
83
86
75
20
10
11
51
28
51
23
88
11
60
1
5
60
2
8
61
42
10
1
30
60
30
76
70
86
81
75
95
65
8
62
56
85
56
19
18
13
67
87
79
75
20
60
90
86
36
48
20
8
20
20
61
62
42
88
56
76
76
34
99
65
11
75
90
65
11
61
28
94
69
61
11
76
85
23
57
79
86
79
23
2
81
86
87
87
62
95
57
60
19
75
71
20
20
12
83
91
87
40
95
90
48
83
56
81
85
91
16
69
91
99
8
76
69
83
62
83
81
72
85
81
91
79
36
62
91
69
79
71
94
56
23
90
2
85
87
91
83
12
67
57
11
16
16
70
95
95
87
5
76
56
8
48
53
69
97
70
70
30
87
83
19
90
79
94
10
67
95
28
19
30
19
5
65
87
34
97
67
30
51
30
42
86
87
72
56
94
18
99
94
70
97
11
5
56
89
85
28
70
40
20
83
72
19
81
62
67
95
80
18
86
48
11
88
19
30
71
8
87
20
36
79
94
71
99
36
79
56
12
51
56
30
69
51
71
57
12
65
30
67
19
53
5
28
94
88
81
8
10
48
5
87
28
83
86
57
57
60
19
36
97
48
91
34
83
8
2
76
79
87
12
75
62
69
72
85
5
8
88
34
85
8
12
65
69
57
57
79
42
76
19
95
34
23
76
85
79
85
8
51
57
65
18
99
57
60
30
70
71
19
8
13
85
40
10
40
75
48
5
75
85
62
88
62
56
1
62
28
80
89
60
65
90
76
42
83
88
18
1
83
5
71
69
18
91
91
86
30
80
5
87
76
95
83
79
69
67
5
57
28
97
79
80
94
2
13
87
95
40
89
2
95
8
65
94
12
97
