52
100
50.0
44
45
51
7
74
74
98
79
65
94
0
32
67
65
50
26
43
89
64
53
42
8
82
77
79
90
15
13
99
58
35
97
40
43
99
26
1
89
83
19
92
88
75
79
49
0
83
30
13
85
17
62
38
67
1
6
17
63
84
65
67
47
18
81
56
89
60
68
48
38
26
37
17
99
18
89
57
28
93
91
35
11
71
28
69
74
57
70
12
41
59
96
61
37
57
17
70
28
73
10
40
54
17
39
41
13
4
76
1
55
41
26
81
0
33
1
54
83
99
74
65
96
5
22
86
44
35
9
31
10
26
1
95
72
70
48
0
79
43
16
5
38
21
65
26
36
59
48
43
76
16
45
35
83
41
81
0
48
56
74
10
2
99
34
1
35
79
24
0
3
20
33
1
37
45
24
70
54
72
79
81
25
43
62
71
40
83
76
48
30
43
29
57
52
56
16
54
78
99
65
56
70
56
81
83
62
44
95
81
37
95
65
66
43
59
80
27
57
10
2
25
28
33
2
43
17
57
89
62
43
72
28
38
99
23
43
17
59
13
20
28
2
44
26
13
37
34
99
1
33
30
84
24
26
20
37
83
89
30
87
67
17
43
37
1
10
44
83
48
43
79
28
62
18
41
71
13
26
62
99
17
33
46
42
43
62
0
42
14
71
20
16
48
30
10
83
62
84
72
20
24
56
84
62
48
54
26
57
2
2
70
65
85
76
36
5
95
66
26
0
5
5
56
42
24
96
85
16
65
71
10
96
38
1
43
84
85
35
13
25
89
1
54
10
57
84
37
18
33
10
54
89
10
33
95
28
85
67
25
13
83
2
20
16
2
48
41
81
57
79
16
18
20
30
99
33
35
37
28
5
44
99
44
99
28
83
48
36
62
56
71
70
38
66
43
43
30
40
34
74
54
71
74
37
45
74
83
25
20
54
72
72
70
5
48
26
10
74
83
72
57
17
99
83
89
25
95
28
30
99
45
43
54
33
16
0
48
85
57
40
57
65
33
33
85
43
34
17
85
28
83
2
16
89
83
99
71
70
40
43
56
54
43
25
17
89
85
17
57
44
84
26
34
10
16
70
72
20
38
74
99
41
38
28
40
70
44
35
96
34
25
83
81
38
41
10
71
99
89
18
48
25
96
0
17
0
83
20
54
40
26
20
44
20
30
67
20
24
79
59
20
13
66
54
10
37
2
54
34
65
36
59
56
2
42
95
81
34
67
26
66
20
89
0
40
10
67
67
33
2
76
66
10
42
24
26
37
37
30
76
34
5
28
72
35
18
26
89
42
79
79
2
38
59
10
89
2
62
48
5
34
35
37
16
5
83
76
24
30
20
70
71
83
84
48
89
36
74
40
44
43
85
24
65
99
85
79
95
33
44
62
89
0
71
59
16
28
36
72
5
71
74
34
95
62
48
48
41
38
72
54
30
18
57
24
89
76
10
79
54
48
81
35
70
38
72
0
81
16
26
36
56
37
67
67
45
65
56
10
42
85
57
17
40
71
2
96
25
96
65
42
42
41
1
13
79
2
57
5
79
37
33
24
37
89
28
24
28
72
20
57
5
71
43
1
33
1
13
40
17
24
99
65
24
18
18
37
41
36
30
37
33
84
70
40
41
74
40
81
44
20
72
28
45
79
13
25
99
66
37
44
59
57
30
57
16
33
24
24
17
20
71
42
85
67
5
20
10
59
0
18
34
84
45
89
66
56
30
26
42
81
85
54
30
42
41
0
18
45
48
62
45
16
26
26
79
96
5
70
85
42
66
65
40
10
25
10
1
18
62
95
65
89
66
34
28
37
38
2
62
85
33
48
28
62
5
34
10
18
43
41
84
20
2
71
0
20
30
89
13
38
57
45
71
70
74
25
95
38
72
41
54
16
2
34
85
74
16
79
42
30
71
10
28
13
96
84
30
74
28
65
95
48
85
95
70
26
30
44
16
66
74
66
71
36
0
72
17
72
66
25
44
65
24
34
25
37
16
99
20
66
71
2
59
45
79
45
59
28
44
79
95
96
66
59
96
83
81
99
72
33
34
66
41
81
24
16
99
24
59
30
72
89
36
16
59
36
84
72
41
54
76
18
84
0
10
59
56
20
71
44
67
35
26
5
2
37
41
18
65
17
48
66
83
76
67
41
95
66
33
84
81
1
36
42
79
13
36
59
84
37
10
40
24
76
95
56
85
0
83
89
37
76
67
99
5
41
38
1
1
37
76
84
25
48
35
99
99
41
34
35
85
37
10
18
99
16
38
16
24
