86
100
50.0
78
76
92
45
69
82
67
54
0
61
21
89
37
99
1
53
12
31
68
43
89
88
26
55
70
62
91
86
54
27
4
69
90
64
92
75
7
56
49
74
59
94
98
8
81
19
48
44
58
97
45
9
60
50
93
60
99
89
96
77
21
84
34
2
88
56
16
90
53
95
47
20
3
60
42
40
3
60
28
56
87
13
71
25
3
48
59
44
75
72
37
57
28
57
14
19
60
92
29
44
28
37
45
79
82
11
50
23
98
90
57
32
26
35
54
24
88
26
91
85
35
65
35
51
56
57
39
55
41
15
79
99
65
37
57
57
73
88
60
38
75
98
16
82
31
30
45
12
21
48
33
36
32
46
65
22
28
37
10
17
83
31
88
22
65
59
50
57
59
59
18
50
56
91
3
6
38
83
24
55
83
44
91
18
41
82
99
75
79
52
39
57
32
60
18
66
39
28
52
59
21
56
57
31
6
44
37
38
83
54
26
44
41
56
38
45
39
98
6
48
83
80
82
98
22
63
98
90
5
57
91
44
59
99
98
21
45
3
60
44
28
12
75
37
53
63
69
27
50
60
92
54
55
17
80
52
92
3
33
91
41
22
27
54
65
39
79
51
92
22
83
82
83
51
59
24
45
19
99
69
44
39
41
26
32
56
24
79
52
59
90
88
65
89
66
63
75
27
32
27
91
52
41
27
24
41
52
54
16
50
89
80
38
45
48
52
63
59
48
69
28
6
31
82
19
69
27
92
33
27
75
44
21
6
60
17
60
52
16
33
55
69
24
79
50
56
38
17
38
45
91
54
69
19
16
66
12
51
98
83
89
92
65
75
28
69
83
22
92
63
56
80
39
69
31
66
12
90
91
37
92
53
92
16
28
32
90
45
18
12
99
79
6
16
98
39
79
63
48
21
18
18
16
35
55
26
60
53
26
17
28
69
27
54
44
26
54
37
79
88
48
35
66
44
16
99
35
45
17
33
19
82
83
19
55
31
45
38
55
79
28
99
31
60
63
28
38
52
60
18
59
89
48
39
45
50
27
54
18
91
82
99
92
50
63
16
21
41
89
57
66
88
27
98
89
21
60
92
91
37
54
17
48
18
59
57
52
50
38
82
56
79
22
59
24
90
66
6
37
56
45
90
69
88
22
35
6
32
22
6
89
69
19
45
18
92
33
28
52
99
27
79
45
63
44
44
82
53
17
39
12
44
48
3
56
27
22
60
98
41
3
88
31
75
79
32
53
41
53
79
54
59
6
26
53
51
99
28
35
79
26
92
18
16
80
92
98
37
19
56
39
28
83
79
55
31
31
54
82
21
83
22
33
50
59
80
88
59
3
79
41
65
75
99
35
66
90
88
69
22
26
65
56
54
63
90
48
89
60
69
65
31
92
38
66
59
33
52
98
56
57
65
99
27
19
83
55
21
75
88
33
6
60
37
52
38
32
35
65
51
6
91
63
65
66
26
57
88
17
63
88
31
90
27
91
80
41
90
22
55
89
12
24
79
99
32
24
66
26
27
80
80
48
69
31
21
37
3
6
32
54
91
83
79
27
12
38
33
54
57
80
99
22
28
26
19
45
24
66
27
57
33
92
82
35
75
26
51
99
82
92
91
83
88
16
28
56
53
69
56
3
18
45
39
52
88
33
51
12
28
35
65
24
27
99
65
55
75
91
59
39
3
45
48
54
39
80
65
83
44
90
45
99
98
59
55
54
38
55
91
28
31
21
55
56
33
39
24
63
32
16
51
66
45
37
53
12
32
51
50
48
51
6
89
44
69
24
35
28
52
39
45
56
39
55
59
98
17
35
32
18
82
90
57
28
50
38
12
92
52
90
22
45
99
37
35
52
69
48
18
33
33
38
89
19
59
18
45
35
3
21
16
75
51
26
60
99
51
39
82
51
12
41
54
83
92
63
3
38
38
82
60
54
56
88
26
51
45
41
22
55
98
50
45
3
52
52
66
52
54
18
83
27
59
3
99
12
63
48
69
66
3
53
6
83
51
99
55
22
35
22
99
32
37
45
89
90
65
65
98
53
27
59
56
91
54
31
83
6
91
59
75
82
88
75
52
41
83
56
21
98
51
37
88
80
48
38
12
92
91
31
50
50
75
57
63
92
19
45
83
35
88
92
48
18
98
83
89
90
12
52
56
22
59
82
55
89
69
21
31
37
60
83
27
39
27
57
88
99
6
48
80
48
22
89
92
65
17
91
90
60
33
88
35
50
35
6
17
17
80
27
31
50
52
19
38
39
89
75
54
