12
100
50.0
74
9
39
28
48
26
54
18
21
14
25
2
56
22
18
66
35
27
85
50
24
3
58
91
67
51
82
82
35
40
56
5
18
28
6
88
89
66
58
15
38
17
35
81
17
16
37
79
92
13
70
86
90
99
35
96
98
44
62
65
69
1
30
4
53
20
14
17
67
73
57
84
4
22
6
95
18
60
17
58
78
22
32
40
19
28
46
22
51
68
19
52
41
55
94
8
87
76
86
3
87
23
19
34
21
96
88
74
58
64
21
19
39
57
77
63
61
98
19
29
14
26
6
45
5
70
87
13
29
21
14
56
42
16
45
31
61
40
5
77
45
12
35
98
59
39
97
29
4
72
50
11
4
35
21
39
96
88
66
0
16
57
66
61
4
29
4
19
40
28
71
21
13
35
86
45
61
80
31
9
29
41
5
22
58
67
56
42
47
3
28
70
67
56
56
28
45
61
4
4
29
93
51
70
8
75
41
29
98
87
87
98
87
5
23
20
70
86
26
29
14
35
20
93
20
8
21
50
8
9
49
20
72
23
45
67
26
47
19
33
50
93
20
4
4
74
20
43
87
56
18
72
88
40
87
39
96
17
47
5
70
56
98
39
14
36
19
3
10
51
18
9
23
57
40
51
50
20
61
77
18
41
96
14
18
50
83
29
18
29
18
77
20
50
6
72
93
10
45
70
21
57
29
77
18
45
82
16
31
8
16
50
40
74
39
3
86
7
61
98
6
41
77
66
70
16
56
8
18
35
18
88
20
23
18
87
31
23
28
43
58
57
28
10
93
61
83
14
96
23
21
35
51
14
26
47
40
47
17
23
42
50
17
16
72
3
10
87
51
20
58
87
29
41
86
56
70
67
29
3
70
77
8
72
4
87
31
8
45
66
20
31
40
18
47
70
16
5
29
13
87
47
58
74
36
26
41
6
45
40
77
67
88
83
86
14
23
9
23
74
57
19
9
57
26
6
17
14
42
56
66
16
23
35
98
31
9
9
83
56
20
18
86
22
61
39
77
18
40
10
16
67
98
6
77
82
61
98
61
28
67
93
41
26
10
3
14
13
19
5
96
43
40
36
29
31
13
5
17
40
67
17
18
98
3
21
87
57
22
9
51
67
72
96
77
41
58
86
42
43
13
82
51
98
42
45
4
47
5
4
42
20
29
87
41
50
61
98
3
82
57
98
31
93
28
14
29
36
61
88
58
23
56
36
43
23
26
72
56
70
77
40
22
40
82
39
47
39
41
19
51
70
35
3
82
51
61
58
39
20
45
74
8
17
14
74
41
35
3
21
36
8
86
96
96
35
93
98
41
28
40
67
39
4
47
98
72
21
58
87
43
77
67
13
22
3
93
57
40
86
21
6
66
13
77
22
39
86
45
20
42
98
18
19
98
61
50
39
17
58
29
51
3
41
42
70
98
3
18
86
31
22
96
67
10
18
29
23
13
50
6
47
18
87
67
72
77
23
93
86
3
70
96
29
3
31
22
4
96
39
82
8
14
4
86
40
61
47
61
56
51
18
10
58
29
98
82
23
82
9
29
57
43
13
31
13
57
13
6
20
6
20
88
19
70
3
56
67
20
83
13
8
88
67
14
82
21
40
86
5
93
88
67
72
88
45
83
4
72
5
4
35
87
77
43
66
4
4
61
9
4
93
36
31
74
58
42
83
35
82
21
22
58
96
23
5
22
45
4
93
41
58
87
16
50
40
10
93
19
39
45
23
57
26
26
58
66
72
82
67
14
96
5
82
36
21
39
8
20
82
36
10
72
6
23
56
39
36
18
72
45
51
67
77
22
98
77
45
61
40
61
86
50
16
36
10
82
45
83
17
58
51
77
22
72
10
23
20
45
18
8
42
36
9
98
10
31
42
39
16
88
45
19
23
16
45
21
26
43
18
22
26
23
51
36
87
29
82
5
26
10
51
40
87
98
86
42
22
39
3
18
36
41
47
40
28
18
13
39
26
19
98
20
22
41
18
13
16
3
8
16
51
93
58
19
13
88
10
3
56
57
28
9
98
18
21
13
51
47
67
6
72
10
61
23
56
87
39
8
40
45
82
13
88
98
16
96
83
41
45
3
93
39
47
31
77
98
66
17
45
10
83
9
50
28
98
20
93
26
9
93
17
58
4
82
31
51
29
3
39
51
77
43
93
3
31
36
14
50
36
61
16
43
87
50
6
87
61
8
87
61
50
16
16
35
57
9
4
16
29
67
8
39
61
39
51
42
58
18
56
23
45
3
21
36
17
88
22
36
14
