14
100
50.0
55
77
20
9
28
32
7
24
86
1
43
36
78
73
65
95
52
50
3
7
87
3
66
90
94
21
84
26
0
31
22
53
80
11
23
41
53
69
58
74
26
45
37
57
11
35
76
8
3
90
27
18
63
57
68
96
94
98
74
39
69
69
30
49
48
11
81
34
88
51
42
85
57
6
19
72
49
74
74
35
37
75
29
25
90
38
97
60
64
13
15
11
25
26
49
8
64
25
46
41
68
8
88
89
99
87
76
72
39
59
12
48
70
93
90
64
82
22
72
26
8
90
29
41
54
89
5
23
26
83
88
56
87
94
33
29
43
55
30
8
39
85
94
6
64
74
3
30
10
55
99
76
4
48
64
2
85
11
26
50
69
43
11
50
7
88
29
48
3
74
88
91
69
44
87
17
23
12
39
99
39
14
4
30
88
47
35
87
30
99
30
76
79
82
62
74
50
43
76
67
74
90
61
69
68
22
23
79
64
7
89
49
6
29
71
69
46
68
49
79
99
43
79
8
92
30
41
44
67
4
85
11
6
26
39
90
67
62
30
37
66
29
23
4
12
64
99
37
6
72
94
16
11
51
68
53
85
89
68
29
25
53
8
35
82
88
4
55
51
44
76
85
35
43
57
50
55
11
26
82
90
44
69
46
66
43
68
47
87
23
87
25
82
90
35
83
22
66
69
8
41
46
76
43
43
40
29
3
25
74
7
26
72
87
22
66
69
79
87
82
53
99
99
35
90
99
4
94
53
51
4
85
4
92
68
64
62
90
3
23
89
29
47
91
83
82
68
83
55
79
57
11
90
26
90
23
74
50
23
11
6
64
64
99
90
88
57
30
23
37
26
67
37
79
79
22
25
55
99
6
55
72
99
67
7
3
89
44
7
68
74
43
76
82
89
48
57
4
87
64
92
29
6
43
68
99
62
67
11
3
4
94
87
26
40
41
88
11
11
29
12
83
49
48
99
30
29
25
50
74
3
51
66
92
91
94
82
90
8
7
4
51
39
67
92
48
46
79
66
79
90
7
7
23
82
6
91
72
22
48
12
85
29
30
40
7
46
72
94
53
48
74
90
62
88
82
82
23
62
91
47
7
67
92
35
51
11
37
55
91
41
62
50
43
26
87
66
64
76
43
50
76
66
7
90
91
87
37
8
82
62
88
74
43
6
4
12
68
87
6
89
72
94
53
94
50
29
22
35
6
57
11
94
6
46
8
12
35
30
94
41
43
72
48
53
57
82
87
8
67
12
83
22
6
3
91
3
79
4
91
53
72
49
67
39
91
11
47
88
26
29
4
48
99
53
92
90
90
37
3
89
7
66
6
82
8
49
3
4
82
41
72
11
37
64
66
44
46
46
39
25
23
6
37
53
87
43
85
25
69
46
22
82
85
3
30
12
44
22
12
55
41
57
8
57
30
53
3
92
43
49
25
67
39
46
7
68
53
83
25
29
39
50
57
57
67
3
7
49
50
85
67
85
35
69
39
41
26
68
50
82
83
3
39
53
88
88
89
53
4
76
49
72
94
12
50
94
55
30
6
79
44
53
12
94
3
12
62
30
43
51
29
55
35
40
87
68
67
88
8
53
46
99
74
62
87
94
39
79
88
92
82
29
82
29
49
99
4
88
94
49
35
99
48
25
51
88
37
91
94
69
83
39
23
62
49
64
47
72
12
89
66
11
83
82
8
6
30
91
46
35
41
30
62
7
69
92
11
43
74
83
39
39
47
4
69
57
50
68
7
51
43
26
69
53
99
53
47
40
49
23
44
87
76
43
25
3
29
7
44
66
53
53
30
67
39
92
4
29
90
57
51
30
74
91
64
23
94
7
3
89
88
82
91
7
72
74
7
39
40
41
55
43
69
92
79
62
22
88
35
62
50
88
39
55
91
50
46
51
43
41
43
50
48
72
23
26
85
88
49
30
66
82
41
57
57
64
37
8
67
48
82
92
83
8
47
12
25
49
55
40
12
91
53
23
72
4
82
11
3
23
37
90
35
83
41
46
30
91
4
12
44
49
12
3
74
35
67
44
51
64
69
29
47
40
4
22
23
99
50
23
40
35
64
99
43
74
53
64
83
48
6
89
74
66
44
12
79
69
40
44
51
3
51
8
11
90
25
57
88
67
51
47
64
11
4
11
51
6
39
88
83
43
72
50
72
68
25
66
74
47
25
47
88
90
94
43
67
23
85
23
99
79
87
3
53
41
89
89
68
53
87
22
47
90
48
83
48
23
3
90
43
99
66
55
66
79
4
89
76
