21
100
50.0
66
32
66
44
86
7
30
50
2
74
88
49
6
95
15
76
51
94
99
64
29
0
30
62
30
67
58
45
85
71
33
59
48
24
11
26
73
54
1
70
28
38
38
1
59
87
56
82
81
74
9
13
12
60
34
42
47
97
63
90
24
40
82
70
58
3
24
77
35
46
93
47
54
67
36
40
82
35
27
53
31
48
67
98
37
8
88
82
18
70
41
89
61
1
71
5
7
38
74
66
38
24
10
81
45
41
88
7
14
78
71
83
99
17
37
52
8
91
96
53
58
82
82
98
70
66
47
91
8
44
97
24
82
44
72
71
54
41
75
47
59
54
5
41
40
92
76
5
72
99
7
59
48
40
7
84
54
53
58
24
1
97
8
7
88
97
25
92
71
44
68
48
59
37
71
23
72
16
30
17
91
83
55
1
47
41
21
58
59
80
35
67
23
17
10
59
98
59
53
58
21
35
24
22
72
24
65
68
48
74
72
45
54
70
69
30
79
10
1
74
30
99
76
32
44
17
71
66
99
10
35
74
47
38
88
71
97
40
91
59
8
32
68
70
54
5
74
44
74
40
19
41
52
40
39
1
83
25
38
59
55
99
79
92
71
25
43
54
35
79
43
99
41
82
83
53
58
59
83
53
10
19
72
47
59
55
81
58
81
76
97
70
30
99
40
5
23
17
8
58
66
30
58
83
55
82
7
57
35
57
72
48
23
8
79
92
66
76
19
53
67
58
53
44
54
58
79
99
92
8
10
38
4
99
19
7
97
23
32
1
57
83
24
91
99
10
32
74
99
81
92
79
91
45
55
70
41
58
1
68
47
30
82
45
8
54
92
83
58
24
48
92
5
70
69
35
58
5
74
99
47
5
17
74
19
10
21
43
45
20
47
21
19
66
72
57
40
32
98
55
7
23
98
1
88
32
52
35
10
10
10
7
57
82
7
10
38
55
25
79
92
68
72
1
98
47
23
53
79
43
76
35
68
68
74
98
35
45
98
48
91
21
88
43
59
47
54
68
81
81
45
23
44
55
10
71
1
82
41
72
5
40
23
44
53
83
66
47
41
5
37
68
88
35
55
35
83
92
74
47
68
53
1
41
70
30
54
83
57
72
43
88
10
37
35
91
54
10
17
91
20
82
44
55
43
43
57
5
68
55
72
53
8
53
30
82
40
97
98
81
69
79
66
8
99
41
21
71
19
48
68
67
69
25
24
67
74
88
79
91
1
30
72
53
37
66
92
35
52
40
76
44
97
97
5
24
67
99
59
79
79
69
55
67
55
38
19
32
66
23
54
41
35
74
30
58
45
83
91
79
57
35
43
81
32
37
59
57
25
35
66
53
35
44
25
47
74
88
45
59
91
10
35
38
23
37
82
52
17
37
5
88
37
17
48
88
72
70
52
72
21
48
59
44
48
44
25
40
97
30
57
24
97
55
88
8
98
41
88
88
99
83
55
83
1
91
45
10
25
44
1
81
70
67
74
71
88
57
82
70
10
71
97
17
74
54
71
69
71
91
45
37
58
43
23
10
72
55
57
25
68
59
8
98
45
8
37
58
35
7
74
44
81
47
40
23
44
97
30
97
10
55
25
83
99
59
40
98
58
38
69
17
59
5
48
76
58
79
25
47
59
72
19
91
23
57
81
5
76
8
91
17
83
45
19
1
35
55
41
32
21
25
98
45
21
88
30
58
71
20
83
88
83
66
1
24
41
8
82
47
53
21
68
24
97
45
21
10
57
72
72
79
35
88
10
74
99
43
88
40
92
19
43
25
1
79
54
21
41
32
17
99
97
5
81
30
32
38
83
30
91
58
88
54
23
88
20
92
38
97
21
53
97
32
53
79
53
59
23
41
8
41
67
40
17
58
71
98
7
32
23
20
37
76
88
5
40
79
40
67
19
38
47
17
70
69
41
32
38
40
58
67
44
72
45
45
19
57
38
43
76
71
83
44
5
19
57
24
5
71
35
53
43
45
52
37
47
1
59
5
54
70
53
57
41
82
8
97
37
92
40
45
24
44
24
92
10
70
47
82
99
69
69
40
45
54
23
30
32
47
5
99
97
17
98
72
76
67
99
66
19
1
38
38
7
25
44
37
91
55
81
53
55
70
79
76
91
24
44
25
91
88
47
74
7
30
72
82
40
10
79
23
41
5
92
59
70
52
68
35
55
47
5
79
66
76
40
67
58
41
10
40
23
19
54
54
91
99
69
21
10
66
74
25
71
52
81
45
68
21
67
21
5
45
35
68
70
91
20
38
