63
100
50.0
45
29
56
21
99
50
4
6
66
2
10
1
70
27
7
71
69
44
61
87
17
51
66
75
8
32
46
94
62
39
91
92
61
54
74
96
68
2
31
66
85
14
79
0
34
49
36
20
72
25
76
55
18
81
50
48
13
83
2
36
15
16
3
52
6
63
61
69
55
98
65
69
6
32
30
36
89
17
97
32
92
9
17
82
24
66
11
88
69
98
86
2
32
95
27
80
76
78
38
97
28
67
77
73
23
19
32
58
93
64
79
12
60
43
80
37
92
16
23
85
55
22
96
35
92
47
88
96
27
85
92
38
40
89
71
83
27
76
16
35
15
69
73
30
61
69
53
66
77
59
3
5
90
8
12
97
80
89
70
55
59
96
23
91
71
35
70
2
4
66
5
32
5
80
15
92
85
96
91
85
58
0
33
69
38
60
2
84
97
70
28
8
35
71
79
96
57
23
69
28
30
35
47
55
23
58
12
71
77
76
88
41
28
80
95
4
0
80
5
62
59
26
2
60
98
36
69
23
36
50
5
85
17
76
70
91
12
2
8
92
28
58
66
95
92
47
73
2
91
16
91
79
95
35
35
62
16
49
2
35
58
12
8
83
61
23
86
92
49
95
16
3
66
89
36
49
15
55
38
89
55
95
95
70
59
77
61
96
17
73
16
86
12
89
0
4
79
71
30
70
4
5
97
30
15
59
6
3
89
17
17
73
23
71
42
70
62
55
17
6
5
66
69
35
35
62
55
71
77
80
3
91
62
12
62
32
85
70
95
58
35
62
98
96
66
80
89
2
17
42
28
62
15
17
73
60
80
4
80
30
96
15
70
36
55
0
16
62
12
35
97
61
3
58
76
47
43
70
83
95
79
85
79
47
79
61
4
49
88
62
83
8
47
32
15
55
79
6
12
59
95
80
66
38
85
80
71
55
88
6
12
16
70
61
17
71
77
83
17
35
12
88
86
71
4
58
47
61
77
35
2
27
55
61
16
95
79
98
30
58
76
17
92
4
61
71
85
8
16
27
32
86
62
43
86
98
8
95
8
61
30
49
91
77
47
5
96
97
30
23
23
59
5
59
42
42
69
8
98
27
73
85
0
32
96
95
27
59
86
85
17
23
61
76
83
60
47
6
42
38
79
71
76
17
43
77
59
17
43
60
85
73
70
89
69
96
32
50
0
43
55
79
15
47
49
92
2
17
88
70
95
4
30
43
60
58
2
16
60
17
97
59
79
66
5
58
0
4
86
71
17
85
16
92
4
28
8
47
66
32
91
50
91
17
15
17
42
12
3
49
97
32
66
58
47
66
76
0
8
95
0
0
28
35
23
6
83
88
47
0
97
12
71
27
86
16
42
60
91
97
80
0
6
80
4
50
49
27
5
71
0
55
95
98
60
85
95
58
77
6
15
36
85
98
71
70
49
42
47
98
98
0
16
70
61
66
17
8
96
32
62
16
79
6
88
89
91
79
88
69
17
73
27
92
91
66
62
17
91
91
50
60
80
28
27
4
32
15
97
73
8
88
3
80
5
69
17
69
23
47
59
76
3
59
35
62
30
60
58
30
71
17
85
66
69
47
2
66
5
69
85
35
17
47
79
12
91
58
2
17
49
50
12
6
30
6
98
49
92
55
80
95
76
61
2
49
17
92
23
96
85
12
27
55
50
47
50
4
91
15
89
36
86
66
70
61
89
17
88
79
50
12
4
79
16
15
12
16
49
47
96
32
80
60
69
12
23
43
97
50
80
2
28
38
28
50
58
32
8
61
42
35
89
96
36
97
71
4
17
66
80
60
97
49
83
96
71
77
58
5
88
4
61
27
23
62
71
59
15
98
60
98
62
3
28
91
16
35
96
16
85
50
73
96
61
97
16
92
0
92
71
96
88
2
73
80
92
23
12
88
35
47
42
42
69
5
47
71
60
66
59
62
62
43
32
97
4
58
69
96
59
35
0
88
12
58
16
60
60
5
69
77
55
50
61
79
50
60
71
86
30
85
49
27
79
69
30
73
89
3
96
85
73
4
35
71
12
73
55
30
36
43
91
61
3
76
36
86
92
69
80
23
47
62
30
35
12
92
66
23
23
55
36
73
35
47
8
62
66
2
8
80
42
59
6
69
35
42
89
23
17
62
50
8
71
47
8
85
77
8
91
88
92
2
23
79
42
91
88
0
61
49
61
42
83
43
0
47
49
83
76
42
61
2
16
8
92
47
69
43
17
89
3
30
96
80
59
15
5
91
61
86
3
32
3
77
2
66
77
43
