7
100
50.0
44
69
10
49
79
95
25
29
75
24
6
1
88
82
21
8
77
20
61
3
31
41
94
30
55
17
17
42
90
58
36
11
74
24
16
51
19
52
73
68
63
7
50
43
26
82
1
5
47
92
17
18
65
26
82
20
67
64
43
70
35
51
51
21
23
98
20
89
34
7
93
52
58
38
51
62
42
60
15
13
56
97
5
5
44
88
14
60
27
10
28
63
70
48
83
87
14
43
76
41
96
20
4
87
21
82
9
13
2
12
26
26
88
63
67
99
54
26
63
5
98
50
7
51
78
59
98
71
80
14
69
89
82
85
58
98
82
88
69
40
82
51
16
88
50
39
64
69
72
22
46
82
43
28
81
66
21
46
87
51
15
43
58
13
98
79
12
5
13
14
98
53
5
41
87
58
50
70
42
10
33
98
21
79
98
98
1
96
81
37
87
2
82
84
79
67
88
26
70
91
51
9
28
87
42
15
78
42
24
44
70
70
44
51
53
88
14
32
98
64
96
45
42
78
70
70
32
32
64
81
82
42
43
86
60
32
32
81
42
60
82
10
88
0
1
16
70
24
17
98
7
57
84
1
5
87
5
1
12
88
64
84
43
22
40
17
15
37
87
15
24
42
58
15
84
63
1
82
43
41
32
53
87
13
81
5
32
79
57
16
89
53
46
63
32
5
12
81
84
63
22
60
64
54
51
12
7
2
40
54
81
96
46
24
16
43
69
32
63
41
88
17
2
70
37
21
9
43
21
82
42
58
32
67
54
78
60
60
40
46
79
67
16
96
2
88
67
82
26
69
5
87
87
13
9
78
79
15
14
81
43
51
84
81
43
43
9
84
67
40
79
46
46
51
96
28
63
14
88
13
33
1
53
52
10
81
81
42
42
20
20
60
41
43
43
84
84
43
43
46
28
33
2
14
10
58
63
7
78
87
5
13
16
16
89
21
88
22
42
21
41
10
7
22
69
22
37
88
33
24
69
1
22
10
15
78
82
64
60
52
69
88
20
69
46
1
79
40
17
15
15
87
67
21
70
69
21
43
33
41
33
12
16
57
20
24
7
50
37
37
7
64
70
53
63
64
41
9
13
54
89
9
53
5
60
42
21
42
69
84
22
58
44
1
15
52
10
41
17
96
67
70
7
37
53
98
57
15
67
14
53
20
2
40
9
53
51
28
21
10
50
84
54
82
24
84
5
98
84
2
14
79
81
69
46
81
37
28
21
67
46
82
21
60
57
46
52
22
32
44
44
70
50
70
1
84
44
42
44
20
16
15
26
14
21
41
21
98
20
7
21
60
50
2
50
40
98
46
96
69
52
32
22
24
17
24
69
37
13
46
5
96
42
32
98
15
5
37
51
54
7
88
51
84
42
63
26
53
81
58
96
98
40
52
13
67
20
20
67
54
13
87
28
1
24
60
37
22
78
13
15
33
17
88
17
52
69
96
17
44
40
2
87
32
70
14
24
1
2
15
40
10
64
70
41
53
2
79
87
60
81
7
84
42
15
84
16
87
57
96
51
70
78
16
58
16
40
41
89
89
70
1
64
88
2
20
51
67
51
82
28
1
88
96
60
22
1
63
53
70
87
28
69
88
41
70
79
17
82
70
24
82
15
58
16
40
5
88
89
28
24
96
82
2
9
58
46
9
40
21
57
82
24
51
67
10
70
16
32
13
26
98
79
96
12
13
57
5
9
57
50
5
88
84
46
13
54
37
22
51
96
87
96
2
57
17
24
10
1
32
79
89
43
26
64
58
50
14
32
87
89
64
58
2
51
14
50
17
44
53
37
89
24
20
89
7
10
54
24
84
98
46
60
43
81
21
87
78
28
57
58
81
67
16
67
78
51
89
98
63
82
21
50
44
58
28
70
32
63
37
15
53
26
69
20
69
98
88
58
32
24
42
10
15
52
32
32
64
40
24
70
44
58
96
9
7
78
67
32
96
10
57
50
15
26
51
52
33
98
16
44
70
33
14
42
24
88
2
1
58
81
60
50
79
2
46
63
32
40
14
12
22
16
44
69
10
33
33
21
89
89
20
37
50
78
44
89
10
81
88
79
7
10
46
50
67
53
52
10
44
79
15
54
64
33
16
58
46
79
21
64
84
50
28
20
89
51
88
14
82
60
54
21
54
24
33
33
16
57
67
54
84
7
67
15
54
60
51
57
32
14
79
87
41
67
16
17
87
26
43
46
57
20
28
79
69
10
20
50
57
64
51
37
44
15
82
40
46
57
41
60
12
64
32
32
88
10
60
60
69
