38
100
50.0
53
63
70
22
27
37
72
43
27
29
62
93
35
68
17
56
87
81
83
96
45
95
77
29
59
32
24
15
0
7
50
99
73
19
91
87
55
35
77
94
38
30
89
5
15
63
46
20
24
8
52
0
57
58
36
25
78
87
3
72
5
80
8
15
71
85
11
27
29
82
54
9
23
91
41
6
40
5
65
67
8
61
63
47
26
72
32
64
2
63
21
30
49
80
26
75
43
84
63
29
76
39
69
0
90
16
29
80
48
99
66
87
32
74
24
4
66
97
63
27
8
56
31
51
48
14
56
88
77
79
56
32
10
57
85
97
78
85
13
99
23
27
56
65
48
26
66
26
38
98
8
99
22
85
12
26
35
33
67
73
77
2
71
56
72
66
43
44
32
73
2
34
84
30
85
42
47
48
74
27
43
4
77
60
27
28
70
57
84
92
91
28
12
64
73
30
97
67
23
92
71
32
63
84
73
74
86
33
15
90
2
75
32
27
65
56
30
91
47
87
65
97
78
87
26
26
91
74
97
12
28
85
30
91
47
57
65
1
73
12
97
66
56
80
5
70
47
12
4
15
26
64
26
38
23
26
28
24
87
67
22
24
28
64
91
84
48
0
92
15
12
66
42
43
38
15
44
87
85
28
38
99
27
63
67
2
28
97
4
2
32
80
91
15
77
91
24
97
84
72
57
57
15
80
67
32
65
78
22
73
38
47
57
15
2
34
43
90
48
56
18
33
91
56
74
4
38
37
57
33
29
12
35
30
91
92
99
57
90
74
44
63
74
23
24
57
28
26
78
0
23
65
34
48
5
23
70
5
77
38
91
8
5
30
2
32
38
24
84
67
22
27
75
73
38
85
38
80
65
8
48
32
12
34
33
26
48
22
22
65
44
24
5
91
65
87
15
0
29
92
2
56
0
56
44
32
84
47
78
43
0
97
97
15
73
87
92
72
78
90
74
66
38
74
26
33
12
43
78
32
5
30
37
27
63
75
2
73
85
44
73
24
47
85
74
77
29
28
92
87
47
24
78
65
8
8
87
12
22
63
37
90
30
22
78
87
37
22
84
80
44
22
12
34
37
67
2
43
24
8
73
29
44
65
44
67
0
15
57
90
35
63
47
77
73
35
23
80
57
66
26
92
57
43
42
34
38
23
80
33
70
30
22
92
33
87
70
97
4
37
29
48
67
38
38
74
29
70
75
92
15
74
43
47
77
43
99
99
67
87
15
8
28
71
73
4
30
47
8
84
27
75
33
91
78
30
5
48
87
64
64
12
56
97
33
70
8
43
47
29
23
74
56
23
8
47
63
44
57
91
74
0
56
91
70
85
22
90
34
73
15
12
78
29
87
5
32
27
12
99
29
29
26
57
66
92
22
26
43
64
27
63
22
37
92
12
90
28
72
48
27
27
92
57
84
85
67
37
26
38
23
72
34
24
38
42
56
27
22
65
43
57
28
30
92
84
27
28
44
43
65
77
47
26
87
42
43
84
56
87
56
64
92
32
4
63
23
78
35
38
90
33
5
28
73
4
38
44
26
57
42
32
84
65
85
71
22
71
77
70
38
97
28
32
12
32
22
78
42
28
73
84
91
0
34
5
97
32
74
91
34
65
80
91
73
67
71
65
27
43
75
84
65
30
44
37
63
70
38
0
71
27
71
34
92
65
47
57
44
37
15
75
80
23
77
33
64
23
33
84
32
34
70
43
71
87
66
28
99
12
24
75
71
91
56
32
12
44
43
12
0
77
75
35
75
71
37
91
73
92
66
8
5
4
0
23
29
4
0
99
87
72
15
26
99
78
47
63
92
33
99
42
43
27
35
2
71
92
63
92
22
26
5
42
12
34
47
34
78
75
56
34
48
38
37
33
71
56
47
38
29
5
78
47
44
5
43
42
66
80
80
91
78
43
38
30
70
29
70
4
30
34
27
47
91
44
43
43
38
80
15
4
12
0
32
70
26
28
26
65
71
37
47
87
48
30
75
43
64
26
26
26
8
29
73
2
34
63
28
91
27
90
35
74
80
34
23
48
67
42
5
74
27
63
67
80
23
87
71
12
74
99
48
71
33
26
87
64
80
38
29
28
34
84
80
30
32
72
99
26
38
4
37
30
56
5
2
47
72
24
29
97
71
74
63
75
87
65
92
91
97
26
67
57
29
22
42
33
42
84
84
73
30
92
38
73
72
80
74
92
27
30
85
78
0
32
35
91
35
84
30
28
44
2
97
34
28
12
57
27
73
38
91
47
90
35
27
29
74
27
