15
100
50.0
80
36
43
10
92
50
4
62
72
19
84
18
14
11
42
90
39
35
99
90
24
59
56
86
96
53
71
93
71
60
17
6
81
75
99
30
85
74
69
9
68
85
59
12
3
26
97
44
48
79
47
23
45
26
28
40
38
54
55
9
17
5
80
62
76
91
64
62
58
35
75
77
10
94
46
75
78
26
9
38
61
44
75
62
45
86
99
50
65
40
26
31
48
23
9
20
38
13
45
25
56
9
12
99
53
10
16
75
53
38
82
95
82
17
1
50
48
32
65
53
18
17
98
12
15
64
89
2
23
84
45
83
18
45
76
9
18
1
87
48
29
51
73
66
50
0
63
71
29
56
45
75
91
20
1
2
67
3
82
88
3
50
95
8
38
62
87
34
91
65
65
3
90
7
76
56
12
80
1
45
70
23
84
49
50
86
20
1
32
48
70
17
27
10
22
37
44
86
87
59
53
29
90
47
27
1
80
3
80
62
50
48
45
38
12
53
32
10
44
29
90
21
95
27
35
22
91
17
80
37
9
33
57
88
80
21
33
71
99
65
1
53
27
62
20
56
86
45
18
82
48
64
3
86
26
82
76
84
33
80
21
50
2
57
99
32
76
76
9
64
82
20
18
57
32
44
84
76
41
65
70
86
23
12
12
70
40
23
91
62
50
75
59
40
10
45
59
18
91
2
59
33
2
59
75
65
27
70
21
44
17
9
86
20
91
59
52
53
48
53
3
33
26
99
23
26
45
32
45
27
37
44
21
65
99
22
86
18
95
69
12
37
1
88
23
12
99
18
75
40
62
47
26
76
48
44
18
59
1
18
86
82
47
86
26
40
57
32
99
47
27
41
2
37
50
59
85
80
86
90
12
10
26
82
45
32
10
47
38
18
85
75
84
56
48
86
22
3
20
21
32
70
47
17
84
62
88
70
90
59
71
59
69
18
85
47
71
59
59
41
33
87
64
21
57
85
85
85
44
70
69
76
62
23
82
2
9
71
40
65
99
84
33
38
91
40
90
69
9
32
32
91
2
32
23
45
35
20
88
69
27
23
23
9
27
71
48
33
65
12
32
27
29
87
84
21
29
47
69
47
2
20
44
75
86
20
75
22
40
53
32
29
76
95
76
9
35
47
99
33
9
18
48
18
45
56
41
65
70
85
17
84
91
33
82
50
70
70
88
38
56
47
44
18
95
62
10
17
47
22
40
1
21
37
41
35
17
17
33
80
21
35
80
18
75
84
57
57
64
32
40
18
99
17
84
71
76
48
86
76
44
95
27
56
10
64
37
40
65
33
22
27
69
21
69
50
35
20
48
2
47
50
65
84
12
29
23
33
33
48
69
50
62
38
17
70
32
35
84
50
53
29
69
38
35
53
1
71
35
57
23
10
20
87
75
37
21
87
90
32
41
3
10
35
75
95
88
84
40
47
26
82
82
56
47
41
37
70
3
95
22
91
57
86
84
32
48
87
47
56
88
47
29
44
90
87
76
1
12
75
47
56
57
41
69
53
29
62
64
17
69
56
99
12
84
10
64
10
65
38
33
12
53
27
48
9
35
20
62
27
29
2
9
40
2
32
59
2
88
1
27
48
29
95
32
26
45
47
3
80
17
75
35
27
71
91
9
62
17
45
69
57
75
33
20
65
21
47
3
41
75
88
3
87
75
53
75
27
82
91
20
35
82
65
82
64
48
90
88
85
84
76
48
47
32
35
26
40
10
17
50
18
27
50
47
82
45
9
9
40
27
53
76
84
80
84
10
71
40
40
65
80
71
62
71
9
22
76
47
37
35
84
2
35
10
82
91
80
90
91
56
38
75
86
62
3
33
59
40
33
95
65
23
57
38
26
21
35
37
10
3
12
29
9
40
53
62
18
45
69
40
86
84
88
90
87
41
38
23
45
95
53
91
64
26
80
27
59
33
90
62
76
20
80
10
84
27
65
38
10
91
29
21
75
87
22
1
56
87
90
33
21
53
91
90
57
71
12
90
35
38
99
22
53
62
69
88
26
26
95
80
10
20
75
10
99
86
87
85
75
2
90
87
45
38
85
91
57
32
90
53
17
47
9
37
88
26
62
2
45
50
76
70
76
69
44
65
82
80
59
59
76
90
18
32
59
23
65
1
12
12
3
50
12
35
64
38
1
2
20
62
99
17
86
12
80
1
48
86
69
57
65
95
59
59
18
44
69
76
90
59
47
12
29
50
75
33
26
57
76
95
22
2
12
44
75
53
9
20
57
23
1
48
88
69
50
12
88
95
85
