31
100
50.0
70
14
42
75
31
58
27
2
37
57
69
96
61
89
80
45
19
78
93
53
68
94
51
39
66
43
32
7
8
36
45
12
63
44
14
3
28
96
6
56
54
96
40
82
64
94
84
21
91
92
89
5
10
37
67
60
59
22
4
81
2
30
64
89
38
95
10
26
25
30
13
14
45
76
18
38
3
1
60
50
89
23
29
90
46
74
47
10
30
2
47
96
41
71
60
79
47
41
89
98
71
97
34
25
7
11
9
30
84
91
65
79
16
3
13
85
17
83
17
60
97
3
15
97
24
29
98
47
70
69
45
77
32
14
85
15
7
47
64
91
88
76
35
94
91
70
86
46
85
85
62
88
76
82
29
29
33
88
15
74
20
31
3
85
72
49
70
74
0
91
30
2
97
32
71
70
40
38
37
46
74
40
84
41
10
85
48
52
31
15
73
96
93
46
37
38
88
92
92
79
3
60
41
15
96
71
73
98
97
71
32
97
64
92
87
71
71
88
92
74
26
99
98
27
46
79
37
38
98
94
50
79
96
32
30
17
55
93
13
97
69
16
27
46
88
3
29
10
79
32
79
74
41
97
64
30
73
38
3
25
10
7
82
29
14
92
87
15
55
73
64
40
50
85
45
64
55
25
14
10
92
31
55
38
17
35
40
70
60
84
85
41
71
26
32
88
64
79
3
73
31
30
30
50
32
94
69
20
74
69
96
87
16
76
35
13
60
92
14
94
15
41
27
96
16
47
94
7
16
27
50
25
31
40
25
79
98
60
29
82
27
40
60
79
27
88
73
32
79
26
76
10
37
32
45
38
3
35
26
41
29
45
16
45
55
15
89
38
38
72
30
79
29
38
14
47
89
87
10
79
47
96
40
87
69
89
3
3
69
27
14
85
71
76
98
31
29
92
91
64
17
45
14
38
3
16
74
92
10
94
15
16
20
50
27
92
64
25
94
47
7
32
79
3
32
96
91
73
40
70
37
69
87
60
35
73
10
35
17
17
88
30
3
84
29
16
74
93
79
97
20
55
92
85
50
70
10
15
10
40
92
85
25
82
71
41
91
45
46
25
91
55
98
79
25
13
27
88
91
79
98
47
46
27
10
32
20
70
69
45
46
45
85
40
31
70
85
98
89
37
73
60
13
94
89
32
89
17
37
88
84
37
40
7
87
14
82
2
55
88
15
87
74
87
88
92
64
14
29
96
97
92
96
30
84
26
89
93
46
17
50
17
38
41
88
13
38
3
15
47
79
31
84
32
35
97
40
55
27
96
45
31
47
84
20
26
40
85
25
32
15
82
82
98
38
76
69
35
89
89
38
82
16
14
14
55
26
69
98
70
98
31
2
20
45
7
64
76
79
38
89
46
88
82
92
20
15
30
10
13
87
26
13
72
60
73
73
46
2
7
37
73
72
91
7
16
50
37
84
98
97
20
94
31
73
76
73
82
72
60
64
14
17
10
38
69
85
76
17
35
72
38
76
96
84
26
10
55
87
10
71
55
91
20
3
7
46
55
38
29
17
85
82
70
2
10
41
60
40
29
46
2
50
46
41
46
97
88
30
25
13
32
14
35
29
92
14
20
92
71
7
20
16
89
26
89
20
2
55
73
46
10
2
82
85
13
97
87
72
92
76
13
47
73
73
2
85
93
37
29
74
82
10
70
97
15
88
37
82
26
35
70
47
13
29
40
96
73
40
94
26
98
84
73
88
82
98
76
88
89
71
50
70
3
88
55
69
60
41
72
26
72
91
27
30
26
60
3
16
93
85
87
7
92
45
7
47
85
13
35
73
35
3
25
45
91
82
91
2
41
37
3
35
2
46
46
41
17
25
14
31
30
82
15
27
29
70
10
29
94
46
15
76
85
73
82
30
55
7
55
3
72
88
84
26
2
2
25
71
74
60
17
17
16
69
35
69
87
88
37
16
91
84
41
85
64
26
2
3
37
82
17
20
72
84
84
35
25
3
94
13
70
64
7
60
31
79
15
89
30
32
91
45
47
92
31
64
55
55
87
26
14
71
15
45
92
2
50
93
46
69
29
14
45
45
41
91
3
32
14
91
76
14
92
7
94
73
55
25
60
14
88
85
16
32
16
16
38
76
88
10
84
37
29
79
74
74
96
70
15
46
87
79
82
96
85
31
10
16
25
69
41
35
79
41
70
97
94
46
60
35
69
13
27
74
73
85
72
35
55
35
30
84
41
38
15
31
96
3
98
29
91
31
72
29
50
7
3
64
93
15
37
64
74
94
10
20
96
27
82
