94
100
50.0
26
32
52
93
68
40
84
23
98
39
96
61
59
95
34
69
31
40
86
24
2
89
15
50
53
35
36
8
31
27
74
2
49
50
19
79
55
17
29
3
46
41
47
44
4
86
13
78
12
32
67
33
66
4
13
40
14
7
40
70
56
20
2
71
45
15
4
73
50
44
83
1
43
30
78
9
21
8
62
2
73
33
46
98
98
57
86
77
72
13
70
15
81
37
92
85
90
38
58
63
56
5
88
16
22
62
63
17
25
2
92
67
60
2
46
30
90
57
80
8
12
4
64
82
0
37
91
0
31
31
28
11
90
50
42
40
2
87
0
15
98
42
63
31
3
62
67
46
56
63
88
44
5
88
17
42
75
40
33
51
17
37
40
30
27
65
54
13
20
10
67
51
89
30
78
77
20
92
33
10
78
67
24
92
97
85
31
85
51
93
76
92
48
3
46
32
24
85
30
31
24
2
63
33
99
87
62
6
90
87
92
56
13
49
94
24
40
13
90
94
51
51
90
73
78
8
78
89
87
77
10
85
89
76
40
73
57
54
54
57
70
46
56
20
50
85
49
32
51
3
15
37
44
13
76
89
17
44
88
3
57
67
63
51
40
37
54
10
27
85
67
90
2
70
23
49
85
77
8
49
89
90
40
18
44
4
24
78
32
51
4
0
46
67
67
98
67
98
2
70
93
27
86
15
31
33
15
90
57
54
17
13
8
17
40
73
63
56
0
17
15
87
50
32
94
87
3
2
50
50
0
73
17
24
27
93
17
40
78
66
70
94
27
67
42
57
62
78
98
85
66
5
44
46
2
46
94
77
63
31
46
87
4
73
15
77
49
15
78
58
4
90
23
94
30
17
5
2
76
67
46
23
24
90
15
42
13
51
92
78
58
42
70
12
44
13
46
73
70
2
5
15
0
62
49
54
20
42
10
78
50
90
27
33
42
85
42
0
88
57
58
40
4
93
57
62
46
40
49
93
17
44
3
31
5
67
13
93
63
85
58
88
15
93
4
10
51
92
78
77
73
50
2
8
4
2
42
85
67
27
70
40
27
85
37
89
4
8
92
12
24
90
44
54
44
27
73
90
62
12
42
15
33
32
66
73
77
40
13
94
24
76
90
50
10
27
42
32
56
44
33
57
10
42
42
66
85
3
67
85
20
57
23
44
10
78
44
3
70
13
76
94
4
57
31
23
92
56
51
73
51
33
57
56
23
23
62
62
15
76
88
76
73
66
27
76
40
70
37
4
78
37
46
90
4
20
30
73
63
86
8
58
88
12
3
4
93
0
23
24
93
54
76
24
44
46
20
4
13
50
10
32
0
10
44
33
89
76
27
3
42
92
98
85
67
5
57
58
37
90
56
2
8
24
23
31
30
20
46
44
67
37
40
13
49
70
66
94
93
42
92
20
54
98
66
17
86
15
12
8
87
63
8
13
4
58
51
58
31
73
58
56
92
5
90
87
62
8
46
90
23
42
0
24
31
54
10
32
40
40
17
2
17
12
94
98
5
17
90
32
63
63
42
0
42
44
8
20
62
30
0
3
37
0
67
67
46
70
62
94
90
15
66
93
32
92
57
32
2
32
51
42
23
50
0
86
20
56
23
62
54
73
49
56
31
87
15
2
40
2
73
92
86
78
5
24
24
54
10
92
77
15
8
66
93
12
17
88
54
50
88
92
4
92
44
3
31
40
57
58
27
76
78
27
4
89
73
66
87
77
94
76
40
46
30
85
24
66
85
42
51
76
62
4
67
51
92
92
56
46
88
13
20
0
12
93
58
67
67
24
58
77
70
63
50
40
42
70
89
32
23
27
37
4
70
70
23
32
24
27
89
94
10
8
5
94
85
0
73
62
51
37
73
17
86
56
27
20
5
93
57
32
76
30
76
76
3
33
76
17
87
78
27
4
42
92
2
30
87
13
3
67
23
10
40
37
93
15
42
88
92
90
23
3
23
76
67
67
17
56
70
33
73
32
33
90
92
63
78
98
87
49
88
4
46
98
57
42
3
46
30
57
15
12
94
54
20
73
94
85
51
8
63
0
20
24
90
10
17
63
50
67
66
33
5
54
88
49
87
89
10
73
54
78
49
32
56
12
98
32
15
56
42
20
4
0
67
98
57
46
3
62
49
51
23
15
4
67
32
62
70
85
2
3
86
85
5
42
89
89
27
62
12
57
66
78
27
67
12
94
24
51
50
33
33
46
88
32
63
73
78
5
56
89
17
49
44
77
76
93
98
0
92
10
33
51
92
98
93
24
